/*--------------------------------*- C++ -*----------------------------------*\
| =========                 |                                                 |
| \\      /  F ield         | OpenFOAM: The Open Source CFD Toolbox           |
|  \\    /   O peration     | Version:  2306                                  |
|   \\  /    A nd           | Website:  www.openfoam.com                      |
|    \\/     M anipulation  |                                                 |
\*---------------------------------------------------------------------------*/
FoamFile
{
    version     2.0;
    format      ascii;
    arch        "LSB;label=32;scalar=64";
    class       faceList;
    location    "constant/polyMesh";
    object      faces;
}
// * * * * * * * * * * * * * * * * * * * * * * * * * * * * * * * * * * * * * //


3942
(
4(1 42 124 83)
4(82 83 124 123)
4(2 43 125 84)
4(83 84 125 124)
4(3 44 126 85)
4(84 85 126 125)
4(4 45 127 86)
4(85 86 127 126)
4(5 46 128 87)
4(86 87 128 127)
4(6 47 129 88)
4(87 88 129 128)
4(7 48 130 89)
4(88 89 130 129)
4(8 49 131 90)
4(89 90 131 130)
4(9 50 132 91)
4(90 91 132 131)
4(10 51 133 92)
4(91 92 133 132)
4(11 52 134 93)
4(92 93 134 133)
4(12 53 135 94)
4(93 94 135 134)
4(13 54 136 95)
4(94 95 136 135)
4(14 55 137 96)
4(95 96 137 136)
4(15 56 138 97)
4(96 97 138 137)
4(16 57 139 98)
4(97 98 139 138)
4(17 58 140 99)
4(98 99 140 139)
4(18 59 141 100)
4(99 100 141 140)
4(19 60 142 101)
4(100 101 142 141)
4(20 61 143 102)
4(101 102 143 142)
4(21 62 144 103)
4(102 103 144 143)
4(22 63 145 104)
4(103 104 145 144)
4(23 64 146 105)
4(104 105 146 145)
4(24 65 147 106)
4(105 106 147 146)
4(25 66 148 107)
4(106 107 148 147)
4(26 67 149 108)
4(107 108 149 148)
4(27 68 150 109)
4(108 109 150 149)
4(28 69 151 110)
4(109 110 151 150)
4(29 70 152 111)
4(110 111 152 151)
4(30 71 153 112)
4(111 112 153 152)
4(31 72 154 113)
4(112 113 154 153)
4(32 73 155 114)
4(113 114 155 154)
4(33 74 156 115)
4(114 115 156 155)
4(34 75 157 116)
4(115 116 157 156)
4(35 76 158 117)
4(116 117 158 157)
4(36 77 159 118)
4(117 118 159 158)
4(37 78 160 119)
4(118 119 160 159)
4(38 79 161 120)
4(119 120 161 160)
4(39 80 162 121)
4(120 121 162 161)
4(121 122 163 162)
4(83 124 206 165)
4(164 165 206 205)
4(84 125 207 166)
4(165 166 207 206)
4(85 126 208 167)
4(166 167 208 207)
4(86 127 209 168)
4(167 168 209 208)
4(87 128 210 169)
4(168 169 210 209)
4(88 129 211 170)
4(169 170 211 210)
4(89 130 212 171)
4(170 171 212 211)
4(90 131 213 172)
4(171 172 213 212)
4(91 132 214 173)
4(172 173 214 213)
4(92 133 215 174)
4(173 174 215 214)
4(93 134 216 175)
4(174 175 216 215)
4(94 135 217 176)
4(175 176 217 216)
4(95 136 218 177)
4(176 177 218 217)
4(96 137 219 178)
4(177 178 219 218)
4(97 138 220 179)
4(178 179 220 219)
4(98 139 221 180)
4(179 180 221 220)
4(99 140 222 181)
4(180 181 222 221)
4(100 141 223 182)
4(181 182 223 222)
4(101 142 224 183)
4(182 183 224 223)
4(102 143 225 184)
4(183 184 225 224)
4(103 144 226 185)
4(184 185 226 225)
4(104 145 227 186)
4(185 186 227 226)
4(105 146 228 187)
4(186 187 228 227)
4(106 147 229 188)
4(187 188 229 228)
4(107 148 230 189)
4(188 189 230 229)
4(108 149 231 190)
4(189 190 231 230)
4(109 150 232 191)
4(190 191 232 231)
4(110 151 233 192)
4(191 192 233 232)
4(111 152 234 193)
4(192 193 234 233)
4(112 153 235 194)
4(193 194 235 234)
4(113 154 236 195)
4(194 195 236 235)
4(114 155 237 196)
4(195 196 237 236)
4(115 156 238 197)
4(196 197 238 237)
4(116 157 239 198)
4(197 198 239 238)
4(117 158 240 199)
4(198 199 240 239)
4(118 159 241 200)
4(199 200 241 240)
4(119 160 242 201)
4(200 201 242 241)
4(120 161 243 202)
4(201 202 243 242)
4(121 162 244 203)
4(202 203 244 243)
4(203 204 245 244)
4(165 206 288 247)
4(246 247 288 287)
4(166 207 289 248)
4(247 248 289 288)
4(167 208 290 249)
4(248 249 290 289)
4(168 209 291 250)
4(249 250 291 290)
4(169 210 292 251)
4(250 251 292 291)
4(170 211 293 252)
4(251 252 293 292)
4(171 212 294 253)
4(252 253 294 293)
4(172 213 295 254)
4(253 254 295 294)
4(173 214 296 255)
4(254 255 296 295)
4(174 215 297 256)
4(255 256 297 296)
4(175 216 298 257)
4(256 257 298 297)
4(176 217 299 258)
4(257 258 299 298)
4(177 218 300 259)
4(258 259 300 299)
4(178 219 301 260)
4(259 260 301 300)
4(179 220 302 261)
4(260 261 302 301)
4(180 221 303 262)
4(261 262 303 302)
4(181 222 304 263)
4(262 263 304 303)
4(182 223 305 264)
4(263 264 305 304)
4(183 224 306 265)
4(264 265 306 305)
4(184 225 307 266)
4(265 266 307 306)
4(185 226 308 267)
4(266 267 308 307)
4(186 227 309 268)
4(267 268 309 308)
4(187 228 310 269)
4(268 269 310 309)
4(188 229 311 270)
4(269 270 311 310)
4(189 230 312 271)
4(270 271 312 311)
4(190 231 313 272)
4(271 272 313 312)
4(191 232 314 273)
4(272 273 314 313)
4(192 233 315 274)
4(273 274 315 314)
4(193 234 316 275)
4(274 275 316 315)
4(194 235 317 276)
4(275 276 317 316)
4(195 236 318 277)
4(276 277 318 317)
4(196 237 319 278)
4(277 278 319 318)
4(197 238 320 279)
4(278 279 320 319)
4(198 239 321 280)
4(279 280 321 320)
4(199 240 322 281)
4(280 281 322 321)
4(200 241 323 282)
4(281 282 323 322)
4(201 242 324 283)
4(282 283 324 323)
4(202 243 325 284)
4(283 284 325 324)
4(203 244 326 285)
4(284 285 326 325)
4(285 286 327 326)
4(247 288 370 329)
4(328 329 370 369)
4(248 289 371 330)
4(329 330 371 370)
4(249 290 372 331)
4(330 331 372 371)
4(250 291 373 332)
4(331 332 373 372)
4(251 292 374 333)
4(332 333 374 373)
4(252 293 375 334)
4(333 334 375 374)
4(253 294 376 335)
4(334 335 376 375)
4(254 295 377 336)
4(335 336 377 376)
4(255 296 378 337)
4(336 337 378 377)
4(256 297 379 338)
4(337 338 379 378)
4(257 298 380 339)
4(338 339 380 379)
4(258 299 381 340)
4(339 340 381 380)
4(259 300 382 341)
4(340 341 382 381)
4(260 301 383 342)
4(341 342 383 382)
4(261 302 384 343)
4(342 343 384 383)
4(262 303 385 344)
4(343 344 385 384)
4(263 304 386 345)
4(344 345 386 385)
4(264 305 387 346)
4(345 346 387 386)
4(265 306 388 347)
4(346 347 388 387)
4(266 307 389 348)
4(347 348 389 388)
4(267 308 390 349)
4(348 349 390 389)
4(268 309 391 350)
4(349 350 391 390)
4(269 310 392 351)
4(350 351 392 391)
4(270 311 393 352)
4(351 352 393 392)
4(271 312 394 353)
4(352 353 394 393)
4(272 313 395 354)
4(353 354 395 394)
4(273 314 396 355)
4(354 355 396 395)
4(274 315 397 356)
4(355 356 397 396)
4(275 316 398 357)
4(356 357 398 397)
4(276 317 399 358)
4(357 358 399 398)
4(277 318 400 359)
4(358 359 400 399)
4(278 319 401 360)
4(359 360 401 400)
4(279 320 402 361)
4(360 361 402 401)
4(280 321 403 362)
4(361 362 403 402)
4(281 322 404 363)
4(362 363 404 403)
4(282 323 405 364)
4(363 364 405 404)
4(283 324 406 365)
4(364 365 406 405)
4(284 325 407 366)
4(365 366 407 406)
4(285 326 408 367)
4(366 367 408 407)
4(367 368 409 408)
4(329 370 452 411)
4(410 411 452 451)
4(330 371 453 412)
4(411 412 453 452)
4(331 372 454 413)
4(412 413 454 453)
4(332 373 455 414)
4(413 414 455 454)
4(333 374 456 415)
4(414 415 456 455)
4(334 375 457 416)
4(415 416 457 456)
4(335 376 458 417)
4(416 417 458 457)
4(336 377 459 418)
4(417 418 459 458)
4(337 378 460 419)
4(418 419 460 459)
4(338 379 461 420)
4(419 420 461 460)
4(339 380 462 421)
4(420 421 462 461)
4(340 381 463 422)
4(421 422 463 462)
4(341 382 464 423)
4(422 423 464 463)
4(342 383 465 424)
4(423 424 465 464)
4(343 384 466 425)
4(424 425 466 465)
4(344 385 467 426)
4(425 426 467 466)
4(345 386 468 427)
4(426 427 468 467)
4(346 387 469 428)
4(427 428 469 468)
4(347 388 470 429)
4(428 429 470 469)
4(348 389 471 430)
4(429 430 471 470)
4(349 390 472 431)
4(430 431 472 471)
4(350 391 473 432)
4(431 432 473 472)
4(351 392 474 433)
4(432 433 474 473)
4(352 393 475 434)
4(433 434 475 474)
4(353 394 476 435)
4(434 435 476 475)
4(354 395 477 436)
4(435 436 477 476)
4(355 396 478 437)
4(436 437 478 477)
4(356 397 479 438)
4(437 438 479 478)
4(357 398 480 439)
4(438 439 480 479)
4(358 399 481 440)
4(439 440 481 480)
4(359 400 482 441)
4(440 441 482 481)
4(360 401 483 442)
4(441 442 483 482)
4(361 402 484 443)
4(442 443 484 483)
4(362 403 485 444)
4(443 444 485 484)
4(363 404 486 445)
4(444 445 486 485)
4(364 405 487 446)
4(445 446 487 486)
4(365 406 488 447)
4(446 447 488 487)
4(366 407 489 448)
4(447 448 489 488)
4(367 408 490 449)
4(448 449 490 489)
4(449 450 491 490)
4(411 452 534 493)
4(492 493 534 533)
4(412 453 535 494)
4(493 494 535 534)
4(413 454 536 495)
4(494 495 536 535)
4(414 455 537 496)
4(495 496 537 536)
4(415 456 538 497)
4(496 497 538 537)
4(416 457 539 498)
4(497 498 539 538)
4(417 458 540 499)
4(498 499 540 539)
4(418 459 541 500)
4(499 500 541 540)
4(419 460 542 501)
4(500 501 542 541)
4(420 461 543 502)
4(501 502 543 542)
4(421 462 544 503)
4(502 503 544 543)
4(422 463 545 504)
4(503 504 545 544)
4(423 464 546 505)
4(504 505 546 545)
4(424 465 547 506)
4(505 506 547 546)
4(425 466 548 507)
4(506 507 548 547)
4(426 467 549 508)
4(507 508 549 548)
4(427 468 550 509)
4(508 509 550 549)
4(428 469 551 510)
4(509 510 551 550)
4(429 470 552 511)
4(510 511 552 551)
4(430 471 553 512)
4(511 512 553 552)
4(431 472 554 513)
4(512 513 554 553)
4(432 473 555 514)
4(513 514 555 554)
4(433 474 556 515)
4(514 515 556 555)
4(434 475 557 516)
4(515 516 557 556)
4(435 476 558 517)
4(516 517 558 557)
4(436 477 559 518)
4(517 518 559 558)
4(437 478 560 519)
4(518 519 560 559)
4(438 479 561 520)
4(519 520 561 560)
4(439 480 562 521)
4(520 521 562 561)
4(440 481 563 522)
4(521 522 563 562)
4(441 482 564 523)
4(522 523 564 563)
4(442 483 565 524)
4(523 524 565 564)
4(443 484 566 525)
4(524 525 566 565)
4(444 485 567 526)
4(525 526 567 566)
4(445 486 568 527)
4(526 527 568 567)
4(446 487 569 528)
4(527 528 569 568)
4(447 488 570 529)
4(528 529 570 569)
4(448 489 571 530)
4(529 530 571 570)
4(449 490 572 531)
4(530 531 572 571)
4(531 532 573 572)
4(493 534 616 575)
4(574 575 616 615)
4(494 535 617 576)
4(575 576 617 616)
4(495 536 618 577)
4(576 577 618 617)
4(496 537 619 578)
4(577 578 619 618)
4(497 538 620 579)
4(578 579 620 619)
4(498 539 621 580)
4(579 580 621 620)
4(499 540 622 581)
4(580 581 622 621)
4(500 541 623 582)
4(581 582 623 622)
4(501 542 624 583)
4(582 583 624 623)
4(502 543 625 584)
4(583 584 625 624)
4(503 544 626 585)
4(584 585 626 625)
4(504 545 627 586)
4(585 586 627 626)
4(505 546 628 587)
4(586 587 628 627)
4(506 547 629 588)
4(587 588 629 628)
4(507 548 630 589)
4(588 589 630 629)
4(508 549 631 590)
4(589 590 631 630)
4(509 550 632 591)
4(590 591 632 631)
4(510 551 633 592)
4(591 592 633 632)
4(511 552 634 593)
4(592 593 634 633)
4(512 553 635 594)
4(593 594 635 634)
4(513 554 636 595)
4(594 595 636 635)
4(514 555 637 596)
4(595 596 637 636)
4(515 556 638 597)
4(596 597 638 637)
4(516 557 639 598)
4(597 598 639 638)
4(517 558 640 599)
4(598 599 640 639)
4(518 559 641 600)
4(599 600 641 640)
4(519 560 642 601)
4(600 601 642 641)
4(520 561 643 602)
4(601 602 643 642)
4(521 562 644 603)
4(602 603 644 643)
4(522 563 645 604)
4(603 604 645 644)
4(523 564 646 605)
4(604 605 646 645)
4(524 565 647 606)
4(605 606 647 646)
4(525 566 648 607)
4(606 607 648 647)
4(526 567 649 608)
4(607 608 649 648)
4(527 568 650 609)
4(608 609 650 649)
4(528 569 651 610)
4(609 610 651 650)
4(529 570 652 611)
4(610 611 652 651)
4(530 571 653 612)
4(611 612 653 652)
4(531 572 654 613)
4(612 613 654 653)
4(613 614 655 654)
4(575 616 698 657)
4(656 657 698 697)
4(576 617 699 658)
4(657 658 699 698)
4(577 618 700 659)
4(658 659 700 699)
4(578 619 701 660)
4(659 660 701 700)
4(579 620 702 661)
4(660 661 702 701)
4(580 621 703 662)
4(661 662 703 702)
4(581 622 704 663)
4(662 663 704 703)
4(582 623 705 664)
4(663 664 705 704)
4(583 624 706 665)
4(664 665 706 705)
4(584 625 707 666)
4(665 666 707 706)
4(585 626 708 667)
4(666 667 708 707)
4(586 627 709 668)
4(667 668 709 708)
4(587 628 710 669)
4(668 669 710 709)
4(588 629 711 670)
4(669 670 711 710)
4(589 630 712 671)
4(670 671 712 711)
4(590 631 713 672)
4(671 672 713 712)
4(591 632 714 673)
4(672 673 714 713)
4(592 633 715 674)
4(673 674 715 714)
4(593 634 716 675)
4(674 675 716 715)
4(594 635 717 676)
4(675 676 717 716)
4(595 636 718 677)
4(676 677 718 717)
4(596 637 719 678)
4(677 678 719 718)
4(597 638 720 679)
4(678 679 720 719)
4(598 639 721 680)
4(679 680 721 720)
4(599 640 722 681)
4(680 681 722 721)
4(600 641 723 682)
4(681 682 723 722)
4(601 642 724 683)
4(682 683 724 723)
4(602 643 725 684)
4(683 684 725 724)
4(603 644 726 685)
4(684 685 726 725)
4(604 645 727 686)
4(685 686 727 726)
4(605 646 728 687)
4(686 687 728 727)
4(606 647 729 688)
4(687 688 729 728)
4(607 648 730 689)
4(688 689 730 729)
4(608 649 731 690)
4(689 690 731 730)
4(609 650 732 691)
4(690 691 732 731)
4(610 651 733 692)
4(691 692 733 732)
4(611 652 734 693)
4(692 693 734 733)
4(612 653 735 694)
4(693 694 735 734)
4(613 654 736 695)
4(694 695 736 735)
4(695 696 737 736)
4(657 698 780 739)
4(738 739 780 779)
4(658 699 781 740)
4(739 740 781 780)
4(659 700 782 741)
4(740 741 782 781)
4(660 701 783 742)
4(741 742 783 782)
4(661 702 784 743)
4(742 743 784 783)
4(662 703 785 744)
4(743 744 785 784)
4(663 704 786 745)
4(744 745 786 785)
4(664 705 787 746)
4(745 746 787 786)
4(665 706 788 747)
4(746 747 788 787)
4(666 707 789 748)
4(747 748 789 788)
4(667 708 790 749)
4(668 709 791 750)
4(669 710 792 751)
4(670 711 793 752)
4(671 712 794 753)
4(672 713 795 754)
4(673 714 796 755)
4(674 715 797 756)
4(675 716 798 757)
4(676 717 799 758)
4(677 718 800 759)
4(678 719 801 760)
4(679 720 802 761)
4(680 721 803 762)
4(681 722 804 763)
4(682 723 805 764)
4(683 724 806 765)
4(684 725 807 766)
4(685 726 808 767)
4(686 727 809 768)
4(687 728 810 769)
4(768 769 810 809)
4(688 729 811 770)
4(769 770 811 810)
4(689 730 812 771)
4(770 771 812 811)
4(690 731 813 772)
4(771 772 813 812)
4(691 732 814 773)
4(772 773 814 813)
4(692 733 815 774)
4(773 774 815 814)
4(693 734 816 775)
4(774 775 816 815)
4(694 735 817 776)
4(775 776 817 816)
4(695 736 818 777)
4(776 777 818 817)
4(777 778 819 818)
4(739 780 843 821)
4(820 821 843 842)
4(740 781 844 822)
4(821 822 844 843)
4(741 782 845 823)
4(822 823 845 844)
4(742 783 846 824)
4(823 824 846 845)
4(743 784 847 825)
4(824 825 847 846)
4(744 785 848 826)
4(825 826 848 847)
4(745 786 849 827)
4(826 827 849 848)
4(746 787 850 828)
4(827 828 850 849)
4(747 788 851 829)
4(828 829 851 850)
4(829 830 852 851)
4(769 810 854 832)
4(831 832 854 853)
4(770 811 855 833)
4(832 833 855 854)
4(771 812 856 834)
4(833 834 856 855)
4(772 813 857 835)
4(834 835 857 856)
4(773 814 858 836)
4(835 836 858 857)
4(774 815 859 837)
4(836 837 859 858)
4(775 816 860 838)
4(837 838 860 859)
4(776 817 861 839)
4(838 839 861 860)
4(777 818 862 840)
4(839 840 862 861)
4(840 841 863 862)
4(821 843 887 865)
4(864 865 887 886)
4(822 844 888 866)
4(865 866 888 887)
4(823 845 889 867)
4(866 867 889 888)
4(824 846 890 868)
4(867 868 890 889)
4(825 847 891 869)
4(868 869 891 890)
4(826 848 892 870)
4(869 870 892 891)
4(827 849 893 871)
4(870 871 893 892)
4(828 850 894 872)
4(871 872 894 893)
4(829 851 895 873)
4(872 873 895 894)
4(873 874 896 895)
4(832 854 898 876)
4(875 876 898 897)
4(833 855 899 877)
4(876 877 899 898)
4(834 856 900 878)
4(877 878 900 899)
4(835 857 901 879)
4(878 879 901 900)
4(836 858 902 880)
4(879 880 902 901)
4(837 859 903 881)
4(880 881 903 902)
4(838 860 904 882)
4(881 882 904 903)
4(839 861 905 883)
4(882 883 905 904)
4(840 862 906 884)
4(883 884 906 905)
4(884 885 907 906)
4(865 887 931 909)
4(908 909 931 930)
4(866 888 932 910)
4(909 910 932 931)
4(867 889 933 911)
4(910 911 933 932)
4(868 890 934 912)
4(911 912 934 933)
4(869 891 935 913)
4(912 913 935 934)
4(870 892 936 914)
4(913 914 936 935)
4(871 893 937 915)
4(914 915 937 936)
4(872 894 938 916)
4(915 916 938 937)
4(873 895 939 917)
4(916 917 939 938)
4(917 918 940 939)
4(876 898 942 920)
4(919 920 942 941)
4(877 899 943 921)
4(920 921 943 942)
4(878 900 944 922)
4(921 922 944 943)
4(879 901 945 923)
4(922 923 945 944)
4(880 902 946 924)
4(923 924 946 945)
4(881 903 947 925)
4(924 925 947 946)
4(882 904 948 926)
4(925 926 948 947)
4(883 905 949 927)
4(926 927 949 948)
4(884 906 950 928)
4(927 928 950 949)
4(928 929 951 950)
4(909 931 975 953)
4(952 953 975 974)
4(910 932 976 954)
4(953 954 976 975)
4(911 933 977 955)
4(954 955 977 976)
4(912 934 978 956)
4(955 956 978 977)
4(913 935 979 957)
4(956 957 979 978)
4(914 936 980 958)
4(957 958 980 979)
4(915 937 981 959)
4(958 959 981 980)
4(916 938 982 960)
4(959 960 982 981)
4(917 939 983 961)
4(960 961 983 982)
4(961 962 984 983)
4(920 942 986 964)
4(963 964 986 985)
4(921 943 987 965)
4(964 965 987 986)
4(922 944 988 966)
4(965 966 988 987)
4(923 945 989 967)
4(966 967 989 988)
4(924 946 990 968)
4(967 968 990 989)
4(925 947 991 969)
4(968 969 991 990)
4(926 948 992 970)
4(969 970 992 991)
4(927 949 993 971)
4(970 971 993 992)
4(928 950 994 972)
4(971 972 994 993)
4(972 973 995 994)
4(953 975 1019 997)
4(996 997 1019 1018)
4(954 976 1020 998)
4(997 998 1020 1019)
4(955 977 1021 999)
4(998 999 1021 1020)
4(956 978 1022 1000)
4(999 1000 1022 1021)
4(957 979 1023 1001)
4(1000 1001 1023 1022)
4(958 980 1024 1002)
4(1001 1002 1024 1023)
4(959 981 1025 1003)
4(1002 1003 1025 1024)
4(960 982 1026 1004)
4(1003 1004 1026 1025)
4(961 983 1027 1005)
4(1004 1005 1027 1026)
4(1005 1006 1028 1027)
4(964 986 1030 1008)
4(1007 1008 1030 1029)
4(965 987 1031 1009)
4(1008 1009 1031 1030)
4(966 988 1032 1010)
4(1009 1010 1032 1031)
4(967 989 1033 1011)
4(1010 1011 1033 1032)
4(968 990 1034 1012)
4(1011 1012 1034 1033)
4(969 991 1035 1013)
4(1012 1013 1035 1034)
4(970 992 1036 1014)
4(1013 1014 1036 1035)
4(971 993 1037 1015)
4(1014 1015 1037 1036)
4(972 994 1038 1016)
4(1015 1016 1038 1037)
4(1016 1017 1039 1038)
4(997 1019 1063 1041)
4(1040 1041 1063 1062)
4(998 1020 1064 1042)
4(1041 1042 1064 1063)
4(999 1021 1065 1043)
4(1042 1043 1065 1064)
4(1000 1022 1066 1044)
4(1043 1044 1066 1065)
4(1001 1023 1067 1045)
4(1044 1045 1067 1066)
4(1002 1024 1068 1046)
4(1045 1046 1068 1067)
4(1003 1025 1069 1047)
4(1046 1047 1069 1068)
4(1004 1026 1070 1048)
4(1047 1048 1070 1069)
4(1005 1027 1071 1049)
4(1048 1049 1071 1070)
4(1049 1050 1072 1071)
4(1008 1030 1074 1052)
4(1051 1052 1074 1073)
4(1009 1031 1075 1053)
4(1052 1053 1075 1074)
4(1010 1032 1076 1054)
4(1053 1054 1076 1075)
4(1011 1033 1077 1055)
4(1054 1055 1077 1076)
4(1012 1034 1078 1056)
4(1055 1056 1078 1077)
4(1013 1035 1079 1057)
4(1056 1057 1079 1078)
4(1014 1036 1080 1058)
4(1057 1058 1080 1079)
4(1015 1037 1081 1059)
4(1058 1059 1081 1080)
4(1016 1038 1082 1060)
4(1059 1060 1082 1081)
4(1060 1061 1083 1082)
4(1041 1063 1107 1085)
4(1084 1085 1107 1106)
4(1042 1064 1108 1086)
4(1085 1086 1108 1107)
4(1043 1065 1109 1087)
4(1086 1087 1109 1108)
4(1044 1066 1110 1088)
4(1087 1088 1110 1109)
4(1045 1067 1111 1089)
4(1088 1089 1111 1110)
4(1046 1068 1112 1090)
4(1089 1090 1112 1111)
4(1047 1069 1113 1091)
4(1090 1091 1113 1112)
4(1048 1070 1114 1092)
4(1091 1092 1114 1113)
4(1049 1071 1115 1093)
4(1092 1093 1115 1114)
4(1093 1094 1116 1115)
4(1052 1074 1118 1096)
4(1095 1096 1118 1117)
4(1053 1075 1119 1097)
4(1096 1097 1119 1118)
4(1054 1076 1120 1098)
4(1097 1098 1120 1119)
4(1055 1077 1121 1099)
4(1098 1099 1121 1120)
4(1056 1078 1122 1100)
4(1099 1100 1122 1121)
4(1057 1079 1123 1101)
4(1100 1101 1123 1122)
4(1058 1080 1124 1102)
4(1101 1102 1124 1123)
4(1059 1081 1125 1103)
4(1102 1103 1125 1124)
4(1060 1082 1126 1104)
4(1103 1104 1126 1125)
4(1104 1105 1127 1126)
4(1085 1107 1151 1129)
4(1128 1129 1151 1150)
4(1086 1108 1152 1130)
4(1129 1130 1152 1151)
4(1087 1109 1153 1131)
4(1130 1131 1153 1152)
4(1088 1110 1154 1132)
4(1131 1132 1154 1153)
4(1089 1111 1155 1133)
4(1132 1133 1155 1154)
4(1090 1112 1156 1134)
4(1133 1134 1156 1155)
4(1091 1113 1157 1135)
4(1134 1135 1157 1156)
4(1092 1114 1158 1136)
4(1135 1136 1158 1157)
4(1093 1115 1159 1137)
4(1136 1137 1159 1158)
4(1137 1138 1160 1159)
4(1096 1118 1162 1140)
4(1139 1140 1162 1161)
4(1097 1119 1163 1141)
4(1140 1141 1163 1162)
4(1098 1120 1164 1142)
4(1141 1142 1164 1163)
4(1099 1121 1165 1143)
4(1142 1143 1165 1164)
4(1100 1122 1166 1144)
4(1143 1144 1166 1165)
4(1101 1123 1167 1145)
4(1144 1145 1167 1166)
4(1102 1124 1168 1146)
4(1145 1146 1168 1167)
4(1103 1125 1169 1147)
4(1146 1147 1169 1168)
4(1104 1126 1170 1148)
4(1147 1148 1170 1169)
4(1148 1149 1171 1170)
4(1129 1151 1195 1173)
4(1172 1173 1195 1194)
4(1130 1152 1196 1174)
4(1173 1174 1196 1195)
4(1131 1153 1197 1175)
4(1174 1175 1197 1196)
4(1132 1154 1198 1176)
4(1175 1176 1198 1197)
4(1133 1155 1199 1177)
4(1176 1177 1199 1198)
4(1134 1156 1200 1178)
4(1177 1178 1200 1199)
4(1135 1157 1201 1179)
4(1178 1179 1201 1200)
4(1136 1158 1202 1180)
4(1179 1180 1202 1201)
4(1137 1159 1203 1181)
4(1180 1181 1203 1202)
4(1181 1182 1204 1203)
4(1140 1162 1206 1184)
4(1183 1184 1206 1205)
4(1141 1163 1207 1185)
4(1184 1185 1207 1206)
4(1142 1164 1208 1186)
4(1185 1186 1208 1207)
4(1143 1165 1209 1187)
4(1186 1187 1209 1208)
4(1144 1166 1210 1188)
4(1187 1188 1210 1209)
4(1145 1167 1211 1189)
4(1188 1189 1211 1210)
4(1146 1168 1212 1190)
4(1189 1190 1212 1211)
4(1147 1169 1213 1191)
4(1190 1191 1213 1212)
4(1148 1170 1214 1192)
4(1191 1192 1214 1213)
4(1192 1193 1215 1214)
4(1173 1195 1239 1217)
4(1216 1217 1239 1238)
4(1174 1196 1240 1218)
4(1217 1218 1240 1239)
4(1175 1197 1241 1219)
4(1218 1219 1241 1240)
4(1176 1198 1242 1220)
4(1219 1220 1242 1241)
4(1177 1199 1243 1221)
4(1220 1221 1243 1242)
4(1178 1200 1244 1222)
4(1221 1222 1244 1243)
4(1179 1201 1245 1223)
4(1222 1223 1245 1244)
4(1180 1202 1246 1224)
4(1223 1224 1246 1245)
4(1181 1203 1247 1225)
4(1224 1225 1247 1246)
4(1225 1226 1248 1247)
4(1184 1206 1250 1228)
4(1227 1228 1250 1249)
4(1185 1207 1251 1229)
4(1228 1229 1251 1250)
4(1186 1208 1252 1230)
4(1229 1230 1252 1251)
4(1187 1209 1253 1231)
4(1230 1231 1253 1252)
4(1188 1210 1254 1232)
4(1231 1232 1254 1253)
4(1189 1211 1255 1233)
4(1232 1233 1255 1254)
4(1190 1212 1256 1234)
4(1233 1234 1256 1255)
4(1191 1213 1257 1235)
4(1234 1235 1257 1256)
4(1192 1214 1258 1236)
4(1235 1236 1258 1257)
4(1236 1237 1259 1258)
4(1217 1239 1283 1261)
4(1260 1261 1283 1282)
4(1218 1240 1284 1262)
4(1261 1262 1284 1283)
4(1219 1241 1285 1263)
4(1262 1263 1285 1284)
4(1220 1242 1286 1264)
4(1263 1264 1286 1285)
4(1221 1243 1287 1265)
4(1264 1265 1287 1286)
4(1222 1244 1288 1266)
4(1265 1266 1288 1287)
4(1223 1245 1289 1267)
4(1266 1267 1289 1288)
4(1224 1246 1290 1268)
4(1267 1268 1290 1289)
4(1225 1247 1291 1269)
4(1268 1269 1291 1290)
4(1269 1270 1292 1291)
4(1228 1250 1294 1272)
4(1271 1272 1294 1293)
4(1229 1251 1295 1273)
4(1272 1273 1295 1294)
4(1230 1252 1296 1274)
4(1273 1274 1296 1295)
4(1231 1253 1297 1275)
4(1274 1275 1297 1296)
4(1232 1254 1298 1276)
4(1275 1276 1298 1297)
4(1233 1255 1299 1277)
4(1276 1277 1299 1298)
4(1234 1256 1300 1278)
4(1277 1278 1300 1299)
4(1235 1257 1301 1279)
4(1278 1279 1301 1300)
4(1236 1258 1302 1280)
4(1279 1280 1302 1301)
4(1280 1281 1303 1302)
4(1261 1283 1346 1305)
4(1304 1305 1346 1345)
4(1262 1284 1347 1306)
4(1305 1306 1347 1346)
4(1263 1285 1348 1307)
4(1306 1307 1348 1347)
4(1264 1286 1349 1308)
4(1307 1308 1349 1348)
4(1265 1287 1350 1309)
4(1308 1309 1350 1349)
4(1266 1288 1351 1310)
4(1309 1310 1351 1350)
4(1267 1289 1352 1311)
4(1310 1311 1352 1351)
4(1268 1290 1353 1312)
4(1311 1312 1353 1352)
4(1269 1291 1354 1313)
4(1312 1313 1354 1353)
4(1313 1314 1355 1354)
4(1272 1294 1376 1335)
4(1334 1335 1376 1375)
4(1273 1295 1377 1336)
4(1335 1336 1377 1376)
4(1274 1296 1378 1337)
4(1336 1337 1378 1377)
4(1275 1297 1379 1338)
4(1337 1338 1379 1378)
4(1276 1298 1380 1339)
4(1338 1339 1380 1379)
4(1277 1299 1381 1340)
4(1339 1340 1381 1380)
4(1278 1300 1382 1341)
4(1340 1341 1382 1381)
4(1279 1301 1383 1342)
4(1341 1342 1383 1382)
4(1280 1302 1384 1343)
4(1342 1343 1384 1383)
4(1343 1344 1385 1384)
4(1305 1346 1428 1387)
4(1386 1387 1428 1427)
4(1306 1347 1429 1388)
4(1387 1388 1429 1428)
4(1307 1348 1430 1389)
4(1388 1389 1430 1429)
4(1308 1349 1431 1390)
4(1389 1390 1431 1430)
4(1309 1350 1432 1391)
4(1390 1391 1432 1431)
4(1310 1351 1433 1392)
4(1391 1392 1433 1432)
4(1311 1352 1434 1393)
4(1392 1393 1434 1433)
4(1312 1353 1435 1394)
4(1393 1394 1435 1434)
4(1313 1354 1436 1395)
4(1394 1395 1436 1435)
4(1314 1355 1437 1396)
4(1395 1396 1437 1436)
4(1315 1356 1438 1397)
4(1396 1397 1438 1437)
4(1316 1357 1439 1398)
4(1397 1398 1439 1438)
4(1317 1358 1440 1399)
4(1398 1399 1440 1439)
4(1318 1359 1441 1400)
4(1399 1400 1441 1440)
4(1319 1360 1442 1401)
4(1400 1401 1442 1441)
4(1320 1361 1443 1402)
4(1401 1402 1443 1442)
4(1321 1362 1444 1403)
4(1402 1403 1444 1443)
4(1322 1363 1445 1404)
4(1403 1404 1445 1444)
4(1323 1364 1446 1405)
4(1404 1405 1446 1445)
4(1324 1365 1447 1406)
4(1405 1406 1447 1446)
4(1325 1366 1448 1407)
4(1406 1407 1448 1447)
4(1326 1367 1449 1408)
4(1407 1408 1449 1448)
4(1327 1368 1450 1409)
4(1408 1409 1450 1449)
4(1328 1369 1451 1410)
4(1409 1410 1451 1450)
4(1329 1370 1452 1411)
4(1410 1411 1452 1451)
4(1330 1371 1453 1412)
4(1411 1412 1453 1452)
4(1331 1372 1454 1413)
4(1412 1413 1454 1453)
4(1332 1373 1455 1414)
4(1413 1414 1455 1454)
4(1333 1374 1456 1415)
4(1414 1415 1456 1455)
4(1334 1375 1457 1416)
4(1415 1416 1457 1456)
4(1335 1376 1458 1417)
4(1416 1417 1458 1457)
4(1336 1377 1459 1418)
4(1417 1418 1459 1458)
4(1337 1378 1460 1419)
4(1418 1419 1460 1459)
4(1338 1379 1461 1420)
4(1419 1420 1461 1460)
4(1339 1380 1462 1421)
4(1420 1421 1462 1461)
4(1340 1381 1463 1422)
4(1421 1422 1463 1462)
4(1341 1382 1464 1423)
4(1422 1423 1464 1463)
4(1342 1383 1465 1424)
4(1423 1424 1465 1464)
4(1343 1384 1466 1425)
4(1424 1425 1466 1465)
4(1425 1426 1467 1466)
4(1387 1428 1510 1469)
4(1468 1469 1510 1509)
4(1388 1429 1511 1470)
4(1469 1470 1511 1510)
4(1389 1430 1512 1471)
4(1470 1471 1512 1511)
4(1390 1431 1513 1472)
4(1471 1472 1513 1512)
4(1391 1432 1514 1473)
4(1472 1473 1514 1513)
4(1392 1433 1515 1474)
4(1473 1474 1515 1514)
4(1393 1434 1516 1475)
4(1474 1475 1516 1515)
4(1394 1435 1517 1476)
4(1475 1476 1517 1516)
4(1395 1436 1518 1477)
4(1476 1477 1518 1517)
4(1396 1437 1519 1478)
4(1477 1478 1519 1518)
4(1397 1438 1520 1479)
4(1478 1479 1520 1519)
4(1398 1439 1521 1480)
4(1479 1480 1521 1520)
4(1399 1440 1522 1481)
4(1480 1481 1522 1521)
4(1400 1441 1523 1482)
4(1481 1482 1523 1522)
4(1401 1442 1524 1483)
4(1482 1483 1524 1523)
4(1402 1443 1525 1484)
4(1483 1484 1525 1524)
4(1403 1444 1526 1485)
4(1484 1485 1526 1525)
4(1404 1445 1527 1486)
4(1485 1486 1527 1526)
4(1405 1446 1528 1487)
4(1486 1487 1528 1527)
4(1406 1447 1529 1488)
4(1487 1488 1529 1528)
4(1407 1448 1530 1489)
4(1488 1489 1530 1529)
4(1408 1449 1531 1490)
4(1489 1490 1531 1530)
4(1409 1450 1532 1491)
4(1490 1491 1532 1531)
4(1410 1451 1533 1492)
4(1491 1492 1533 1532)
4(1411 1452 1534 1493)
4(1492 1493 1534 1533)
4(1412 1453 1535 1494)
4(1493 1494 1535 1534)
4(1413 1454 1536 1495)
4(1494 1495 1536 1535)
4(1414 1455 1537 1496)
4(1495 1496 1537 1536)
4(1415 1456 1538 1497)
4(1496 1497 1538 1537)
4(1416 1457 1539 1498)
4(1497 1498 1539 1538)
4(1417 1458 1540 1499)
4(1498 1499 1540 1539)
4(1418 1459 1541 1500)
4(1499 1500 1541 1540)
4(1419 1460 1542 1501)
4(1500 1501 1542 1541)
4(1420 1461 1543 1502)
4(1501 1502 1543 1542)
4(1421 1462 1544 1503)
4(1502 1503 1544 1543)
4(1422 1463 1545 1504)
4(1503 1504 1545 1544)
4(1423 1464 1546 1505)
4(1504 1505 1546 1545)
4(1424 1465 1547 1506)
4(1505 1506 1547 1546)
4(1425 1466 1548 1507)
4(1506 1507 1548 1547)
4(1507 1508 1549 1548)
4(1469 1510 1592 1551)
4(1550 1551 1592 1591)
4(1470 1511 1593 1552)
4(1551 1552 1593 1592)
4(1471 1512 1594 1553)
4(1552 1553 1594 1593)
4(1472 1513 1595 1554)
4(1553 1554 1595 1594)
4(1473 1514 1596 1555)
4(1554 1555 1596 1595)
4(1474 1515 1597 1556)
4(1555 1556 1597 1596)
4(1475 1516 1598 1557)
4(1556 1557 1598 1597)
4(1476 1517 1599 1558)
4(1557 1558 1599 1598)
4(1477 1518 1600 1559)
4(1558 1559 1600 1599)
4(1478 1519 1601 1560)
4(1559 1560 1601 1600)
4(1479 1520 1602 1561)
4(1560 1561 1602 1601)
4(1480 1521 1603 1562)
4(1561 1562 1603 1602)
4(1481 1522 1604 1563)
4(1562 1563 1604 1603)
4(1482 1523 1605 1564)
4(1563 1564 1605 1604)
4(1483 1524 1606 1565)
4(1564 1565 1606 1605)
4(1484 1525 1607 1566)
4(1565 1566 1607 1606)
4(1485 1526 1608 1567)
4(1566 1567 1608 1607)
4(1486 1527 1609 1568)
4(1567 1568 1609 1608)
4(1487 1528 1610 1569)
4(1568 1569 1610 1609)
4(1488 1529 1611 1570)
4(1569 1570 1611 1610)
4(1489 1530 1612 1571)
4(1570 1571 1612 1611)
4(1490 1531 1613 1572)
4(1571 1572 1613 1612)
4(1491 1532 1614 1573)
4(1572 1573 1614 1613)
4(1492 1533 1615 1574)
4(1573 1574 1615 1614)
4(1493 1534 1616 1575)
4(1574 1575 1616 1615)
4(1494 1535 1617 1576)
4(1575 1576 1617 1616)
4(1495 1536 1618 1577)
4(1576 1577 1618 1617)
4(1496 1537 1619 1578)
4(1577 1578 1619 1618)
4(1497 1538 1620 1579)
4(1578 1579 1620 1619)
4(1498 1539 1621 1580)
4(1579 1580 1621 1620)
4(1499 1540 1622 1581)
4(1580 1581 1622 1621)
4(1500 1541 1623 1582)
4(1581 1582 1623 1622)
4(1501 1542 1624 1583)
4(1582 1583 1624 1623)
4(1502 1543 1625 1584)
4(1583 1584 1625 1624)
4(1503 1544 1626 1585)
4(1584 1585 1626 1625)
4(1504 1545 1627 1586)
4(1585 1586 1627 1626)
4(1505 1546 1628 1587)
4(1586 1587 1628 1627)
4(1506 1547 1629 1588)
4(1587 1588 1629 1628)
4(1507 1548 1630 1589)
4(1588 1589 1630 1629)
4(1589 1590 1631 1630)
4(1551 1592 1674 1633)
4(1632 1633 1674 1673)
4(1552 1593 1675 1634)
4(1633 1634 1675 1674)
4(1553 1594 1676 1635)
4(1634 1635 1676 1675)
4(1554 1595 1677 1636)
4(1635 1636 1677 1676)
4(1555 1596 1678 1637)
4(1636 1637 1678 1677)
4(1556 1597 1679 1638)
4(1637 1638 1679 1678)
4(1557 1598 1680 1639)
4(1638 1639 1680 1679)
4(1558 1599 1681 1640)
4(1639 1640 1681 1680)
4(1559 1600 1682 1641)
4(1640 1641 1682 1681)
4(1560 1601 1683 1642)
4(1641 1642 1683 1682)
4(1561 1602 1684 1643)
4(1642 1643 1684 1683)
4(1562 1603 1685 1644)
4(1643 1644 1685 1684)
4(1563 1604 1686 1645)
4(1644 1645 1686 1685)
4(1564 1605 1687 1646)
4(1645 1646 1687 1686)
4(1565 1606 1688 1647)
4(1646 1647 1688 1687)
4(1566 1607 1689 1648)
4(1647 1648 1689 1688)
4(1567 1608 1690 1649)
4(1648 1649 1690 1689)
4(1568 1609 1691 1650)
4(1649 1650 1691 1690)
4(1569 1610 1692 1651)
4(1650 1651 1692 1691)
4(1570 1611 1693 1652)
4(1651 1652 1693 1692)
4(1571 1612 1694 1653)
4(1652 1653 1694 1693)
4(1572 1613 1695 1654)
4(1653 1654 1695 1694)
4(1573 1614 1696 1655)
4(1654 1655 1696 1695)
4(1574 1615 1697 1656)
4(1655 1656 1697 1696)
4(1575 1616 1698 1657)
4(1656 1657 1698 1697)
4(1576 1617 1699 1658)
4(1657 1658 1699 1698)
4(1577 1618 1700 1659)
4(1658 1659 1700 1699)
4(1578 1619 1701 1660)
4(1659 1660 1701 1700)
4(1579 1620 1702 1661)
4(1660 1661 1702 1701)
4(1580 1621 1703 1662)
4(1661 1662 1703 1702)
4(1581 1622 1704 1663)
4(1662 1663 1704 1703)
4(1582 1623 1705 1664)
4(1663 1664 1705 1704)
4(1583 1624 1706 1665)
4(1664 1665 1706 1705)
4(1584 1625 1707 1666)
4(1665 1666 1707 1706)
4(1585 1626 1708 1667)
4(1666 1667 1708 1707)
4(1586 1627 1709 1668)
4(1667 1668 1709 1708)
4(1587 1628 1710 1669)
4(1668 1669 1710 1709)
4(1588 1629 1711 1670)
4(1669 1670 1711 1710)
4(1589 1630 1712 1671)
4(1670 1671 1712 1711)
4(1671 1672 1713 1712)
4(1633 1674 1756 1715)
4(1714 1715 1756 1755)
4(1634 1675 1757 1716)
4(1715 1716 1757 1756)
4(1635 1676 1758 1717)
4(1716 1717 1758 1757)
4(1636 1677 1759 1718)
4(1717 1718 1759 1758)
4(1637 1678 1760 1719)
4(1718 1719 1760 1759)
4(1638 1679 1761 1720)
4(1719 1720 1761 1760)
4(1639 1680 1762 1721)
4(1720 1721 1762 1761)
4(1640 1681 1763 1722)
4(1721 1722 1763 1762)
4(1641 1682 1764 1723)
4(1722 1723 1764 1763)
4(1642 1683 1765 1724)
4(1723 1724 1765 1764)
4(1643 1684 1766 1725)
4(1724 1725 1766 1765)
4(1644 1685 1767 1726)
4(1725 1726 1767 1766)
4(1645 1686 1768 1727)
4(1726 1727 1768 1767)
4(1646 1687 1769 1728)
4(1727 1728 1769 1768)
4(1647 1688 1770 1729)
4(1728 1729 1770 1769)
4(1648 1689 1771 1730)
4(1729 1730 1771 1770)
4(1649 1690 1772 1731)
4(1730 1731 1772 1771)
4(1650 1691 1773 1732)
4(1731 1732 1773 1772)
4(1651 1692 1774 1733)
4(1732 1733 1774 1773)
4(1652 1693 1775 1734)
4(1733 1734 1775 1774)
4(1653 1694 1776 1735)
4(1734 1735 1776 1775)
4(1654 1695 1777 1736)
4(1735 1736 1777 1776)
4(1655 1696 1778 1737)
4(1736 1737 1778 1777)
4(1656 1697 1779 1738)
4(1737 1738 1779 1778)
4(1657 1698 1780 1739)
4(1738 1739 1780 1779)
4(1658 1699 1781 1740)
4(1739 1740 1781 1780)
4(1659 1700 1782 1741)
4(1740 1741 1782 1781)
4(1660 1701 1783 1742)
4(1741 1742 1783 1782)
4(1661 1702 1784 1743)
4(1742 1743 1784 1783)
4(1662 1703 1785 1744)
4(1743 1744 1785 1784)
4(1663 1704 1786 1745)
4(1744 1745 1786 1785)
4(1664 1705 1787 1746)
4(1745 1746 1787 1786)
4(1665 1706 1788 1747)
4(1746 1747 1788 1787)
4(1666 1707 1789 1748)
4(1747 1748 1789 1788)
4(1667 1708 1790 1749)
4(1748 1749 1790 1789)
4(1668 1709 1791 1750)
4(1749 1750 1791 1790)
4(1669 1710 1792 1751)
4(1750 1751 1792 1791)
4(1670 1711 1793 1752)
4(1751 1752 1793 1792)
4(1671 1712 1794 1753)
4(1752 1753 1794 1793)
4(1753 1754 1795 1794)
4(1715 1756 1838 1797)
4(1796 1797 1838 1837)
4(1716 1757 1839 1798)
4(1797 1798 1839 1838)
4(1717 1758 1840 1799)
4(1798 1799 1840 1839)
4(1718 1759 1841 1800)
4(1799 1800 1841 1840)
4(1719 1760 1842 1801)
4(1800 1801 1842 1841)
4(1720 1761 1843 1802)
4(1801 1802 1843 1842)
4(1721 1762 1844 1803)
4(1802 1803 1844 1843)
4(1722 1763 1845 1804)
4(1803 1804 1845 1844)
4(1723 1764 1846 1805)
4(1804 1805 1846 1845)
4(1724 1765 1847 1806)
4(1805 1806 1847 1846)
4(1725 1766 1848 1807)
4(1806 1807 1848 1847)
4(1726 1767 1849 1808)
4(1807 1808 1849 1848)
4(1727 1768 1850 1809)
4(1808 1809 1850 1849)
4(1728 1769 1851 1810)
4(1809 1810 1851 1850)
4(1729 1770 1852 1811)
4(1810 1811 1852 1851)
4(1730 1771 1853 1812)
4(1811 1812 1853 1852)
4(1731 1772 1854 1813)
4(1812 1813 1854 1853)
4(1732 1773 1855 1814)
4(1813 1814 1855 1854)
4(1733 1774 1856 1815)
4(1814 1815 1856 1855)
4(1734 1775 1857 1816)
4(1815 1816 1857 1856)
4(1735 1776 1858 1817)
4(1816 1817 1858 1857)
4(1736 1777 1859 1818)
4(1817 1818 1859 1858)
4(1737 1778 1860 1819)
4(1818 1819 1860 1859)
4(1738 1779 1861 1820)
4(1819 1820 1861 1860)
4(1739 1780 1862 1821)
4(1820 1821 1862 1861)
4(1740 1781 1863 1822)
4(1821 1822 1863 1862)
4(1741 1782 1864 1823)
4(1822 1823 1864 1863)
4(1742 1783 1865 1824)
4(1823 1824 1865 1864)
4(1743 1784 1866 1825)
4(1824 1825 1866 1865)
4(1744 1785 1867 1826)
4(1825 1826 1867 1866)
4(1745 1786 1868 1827)
4(1826 1827 1868 1867)
4(1746 1787 1869 1828)
4(1827 1828 1869 1868)
4(1747 1788 1870 1829)
4(1828 1829 1870 1869)
4(1748 1789 1871 1830)
4(1829 1830 1871 1870)
4(1749 1790 1872 1831)
4(1830 1831 1872 1871)
4(1750 1791 1873 1832)
4(1831 1832 1873 1872)
4(1751 1792 1874 1833)
4(1832 1833 1874 1873)
4(1752 1793 1875 1834)
4(1833 1834 1875 1874)
4(1753 1794 1876 1835)
4(1834 1835 1876 1875)
4(1835 1836 1877 1876)
4(1797 1838 1920 1879)
4(1878 1879 1920 1919)
4(1798 1839 1921 1880)
4(1879 1880 1921 1920)
4(1799 1840 1922 1881)
4(1880 1881 1922 1921)
4(1800 1841 1923 1882)
4(1881 1882 1923 1922)
4(1801 1842 1924 1883)
4(1882 1883 1924 1923)
4(1802 1843 1925 1884)
4(1883 1884 1925 1924)
4(1803 1844 1926 1885)
4(1884 1885 1926 1925)
4(1804 1845 1927 1886)
4(1885 1886 1927 1926)
4(1805 1846 1928 1887)
4(1886 1887 1928 1927)
4(1806 1847 1929 1888)
4(1887 1888 1929 1928)
4(1807 1848 1930 1889)
4(1888 1889 1930 1929)
4(1808 1849 1931 1890)
4(1889 1890 1931 1930)
4(1809 1850 1932 1891)
4(1890 1891 1932 1931)
4(1810 1851 1933 1892)
4(1891 1892 1933 1932)
4(1811 1852 1934 1893)
4(1892 1893 1934 1933)
4(1812 1853 1935 1894)
4(1893 1894 1935 1934)
4(1813 1854 1936 1895)
4(1894 1895 1936 1935)
4(1814 1855 1937 1896)
4(1895 1896 1937 1936)
4(1815 1856 1938 1897)
4(1896 1897 1938 1937)
4(1816 1857 1939 1898)
4(1897 1898 1939 1938)
4(1817 1858 1940 1899)
4(1898 1899 1940 1939)
4(1818 1859 1941 1900)
4(1899 1900 1941 1940)
4(1819 1860 1942 1901)
4(1900 1901 1942 1941)
4(1820 1861 1943 1902)
4(1901 1902 1943 1942)
4(1821 1862 1944 1903)
4(1902 1903 1944 1943)
4(1822 1863 1945 1904)
4(1903 1904 1945 1944)
4(1823 1864 1946 1905)
4(1904 1905 1946 1945)
4(1824 1865 1947 1906)
4(1905 1906 1947 1946)
4(1825 1866 1948 1907)
4(1906 1907 1948 1947)
4(1826 1867 1949 1908)
4(1907 1908 1949 1948)
4(1827 1868 1950 1909)
4(1908 1909 1950 1949)
4(1828 1869 1951 1910)
4(1909 1910 1951 1950)
4(1829 1870 1952 1911)
4(1910 1911 1952 1951)
4(1830 1871 1953 1912)
4(1911 1912 1953 1952)
4(1831 1872 1954 1913)
4(1912 1913 1954 1953)
4(1832 1873 1955 1914)
4(1913 1914 1955 1954)
4(1833 1874 1956 1915)
4(1914 1915 1956 1955)
4(1834 1875 1957 1916)
4(1915 1916 1957 1956)
4(1835 1876 1958 1917)
4(1916 1917 1958 1957)
4(1917 1918 1959 1958)
4(1879 1920 2002 1961)
4(1960 1961 2002 2001)
4(1880 1921 2003 1962)
4(1961 1962 2003 2002)
4(1881 1922 2004 1963)
4(1962 1963 2004 2003)
4(1882 1923 2005 1964)
4(1963 1964 2005 2004)
4(1883 1924 2006 1965)
4(1964 1965 2006 2005)
4(1884 1925 2007 1966)
4(1965 1966 2007 2006)
4(1885 1926 2008 1967)
4(1966 1967 2008 2007)
4(1886 1927 2009 1968)
4(1967 1968 2009 2008)
4(1887 1928 2010 1969)
4(1968 1969 2010 2009)
4(1888 1929 2011 1970)
4(1969 1970 2011 2010)
4(1889 1930 2012 1971)
4(1970 1971 2012 2011)
4(1890 1931 2013 1972)
4(1971 1972 2013 2012)
4(1891 1932 2014 1973)
4(1972 1973 2014 2013)
4(1892 1933 2015 1974)
4(1973 1974 2015 2014)
4(1893 1934 2016 1975)
4(1974 1975 2016 2015)
4(1894 1935 2017 1976)
4(1975 1976 2017 2016)
4(1895 1936 2018 1977)
4(1976 1977 2018 2017)
4(1896 1937 2019 1978)
4(1977 1978 2019 2018)
4(1897 1938 2020 1979)
4(1978 1979 2020 2019)
4(1898 1939 2021 1980)
4(1979 1980 2021 2020)
4(1899 1940 2022 1981)
4(1980 1981 2022 2021)
4(1900 1941 2023 1982)
4(1981 1982 2023 2022)
4(1901 1942 2024 1983)
4(1982 1983 2024 2023)
4(1902 1943 2025 1984)
4(1983 1984 2025 2024)
4(1903 1944 2026 1985)
4(1984 1985 2026 2025)
4(1904 1945 2027 1986)
4(1985 1986 2027 2026)
4(1905 1946 2028 1987)
4(1986 1987 2028 2027)
4(1906 1947 2029 1988)
4(1987 1988 2029 2028)
4(1907 1948 2030 1989)
4(1988 1989 2030 2029)
4(1908 1949 2031 1990)
4(1989 1990 2031 2030)
4(1909 1950 2032 1991)
4(1990 1991 2032 2031)
4(1910 1951 2033 1992)
4(1991 1992 2033 2032)
4(1911 1952 2034 1993)
4(1992 1993 2034 2033)
4(1912 1953 2035 1994)
4(1993 1994 2035 2034)
4(1913 1954 2036 1995)
4(1994 1995 2036 2035)
4(1914 1955 2037 1996)
4(1995 1996 2037 2036)
4(1915 1956 2038 1997)
4(1996 1997 2038 2037)
4(1916 1957 2039 1998)
4(1997 1998 2039 2038)
4(1917 1958 2040 1999)
4(1998 1999 2040 2039)
4(1999 2000 2041 2040)
4(1961 2002 2084 2043)
4(1962 2003 2085 2044)
4(1963 2004 2086 2045)
4(1964 2005 2087 2046)
4(1965 2006 2088 2047)
4(1966 2007 2089 2048)
4(1967 2008 2090 2049)
4(1968 2009 2091 2050)
4(1969 2010 2092 2051)
4(1970 2011 2093 2052)
4(1971 2012 2094 2053)
4(1972 2013 2095 2054)
4(1973 2014 2096 2055)
4(1974 2015 2097 2056)
4(1975 2016 2098 2057)
4(1976 2017 2099 2058)
4(1977 2018 2100 2059)
4(1978 2019 2101 2060)
4(1979 2020 2102 2061)
4(1980 2021 2103 2062)
4(1981 2022 2104 2063)
4(1982 2023 2105 2064)
4(1983 2024 2106 2065)
4(1984 2025 2107 2066)
4(1985 2026 2108 2067)
4(1986 2027 2109 2068)
4(1987 2028 2110 2069)
4(1988 2029 2111 2070)
4(1989 2030 2112 2071)
4(1990 2031 2113 2072)
4(1991 2032 2114 2073)
4(1992 2033 2115 2074)
4(1993 2034 2116 2075)
4(1994 2035 2117 2076)
4(1995 2036 2118 2077)
4(1996 2037 2119 2078)
4(1997 2038 2120 2079)
4(1998 2039 2121 2080)
4(1999 2040 2122 2081)
4(0 41 42 1)
4(1 42 43 2)
4(2 43 44 3)
4(3 44 45 4)
4(4 45 46 5)
4(5 46 47 6)
4(6 47 48 7)
4(7 48 49 8)
4(8 49 50 9)
4(9 50 51 10)
4(10 51 52 11)
4(11 52 53 12)
4(12 53 54 13)
4(13 54 55 14)
4(14 55 56 15)
4(15 56 57 16)
4(16 57 58 17)
4(17 58 59 18)
4(18 59 60 19)
4(19 60 61 20)
4(20 61 62 21)
4(21 62 63 22)
4(22 63 64 23)
4(23 64 65 24)
4(24 65 66 25)
4(25 66 67 26)
4(26 67 68 27)
4(27 68 69 28)
4(28 69 70 29)
4(29 70 71 30)
4(30 71 72 31)
4(31 72 73 32)
4(32 73 74 33)
4(33 74 75 34)
4(34 75 76 35)
4(35 76 77 36)
4(36 77 78 37)
4(37 78 79 38)
4(38 79 80 39)
4(39 80 81 40)
4(40 81 163 122)
4(122 163 245 204)
4(204 245 327 286)
4(286 327 409 368)
4(368 409 491 450)
4(450 491 573 532)
4(532 573 655 614)
4(614 655 737 696)
4(696 737 819 778)
4(778 819 863 841)
4(841 863 907 885)
4(885 907 951 929)
4(929 951 995 973)
4(973 995 1039 1017)
4(1017 1039 1083 1061)
4(1061 1083 1127 1105)
4(1105 1127 1171 1149)
4(1149 1171 1215 1193)
4(1193 1215 1259 1237)
4(1237 1259 1303 1281)
4(1281 1303 1385 1344)
4(1344 1385 1467 1426)
4(1426 1467 1549 1508)
4(1508 1549 1631 1590)
4(1590 1631 1713 1672)
4(1672 1713 1795 1754)
4(1754 1795 1877 1836)
4(1836 1877 1959 1918)
4(1918 1959 2041 2000)
4(2000 2041 2123 2082)
4(0 82 123 41)
4(82 164 205 123)
4(164 246 287 205)
4(246 328 369 287)
4(328 410 451 369)
4(410 492 533 451)
4(492 574 615 533)
4(574 656 697 615)
4(656 738 779 697)
4(738 820 842 779)
4(820 864 886 842)
4(864 908 930 886)
4(908 952 974 930)
4(952 996 1018 974)
4(996 1040 1062 1018)
4(1040 1084 1106 1062)
4(1084 1128 1150 1106)
4(1128 1172 1194 1150)
4(1172 1216 1238 1194)
4(1216 1260 1282 1238)
4(1260 1304 1345 1282)
4(1304 1386 1427 1345)
4(1386 1468 1509 1427)
4(1468 1550 1591 1509)
4(1550 1632 1673 1591)
4(1632 1714 1755 1673)
4(1714 1796 1837 1755)
4(1796 1878 1919 1837)
4(1878 1960 2001 1919)
4(1960 2042 2083 2001)
4(2042 2043 2084 2083)
4(2043 2044 2085 2084)
4(2044 2045 2086 2085)
4(2045 2046 2087 2086)
4(2046 2047 2088 2087)
4(2047 2048 2089 2088)
4(2048 2049 2090 2089)
4(2049 2050 2091 2090)
4(2050 2051 2092 2091)
4(2051 2052 2093 2092)
4(2052 2053 2094 2093)
4(2053 2054 2095 2094)
4(2054 2055 2096 2095)
4(2055 2056 2097 2096)
4(2056 2057 2098 2097)
4(2057 2058 2099 2098)
4(2058 2059 2100 2099)
4(2059 2060 2101 2100)
4(2060 2061 2102 2101)
4(2061 2062 2103 2102)
4(2062 2063 2104 2103)
4(2063 2064 2105 2104)
4(2064 2065 2106 2105)
4(2065 2066 2107 2106)
4(2066 2067 2108 2107)
4(2067 2068 2109 2108)
4(2068 2069 2110 2109)
4(2069 2070 2111 2110)
4(2070 2071 2112 2111)
4(2071 2072 2113 2112)
4(2072 2073 2114 2113)
4(2073 2074 2115 2114)
4(2074 2075 2116 2115)
4(2075 2076 2117 2116)
4(2076 2077 2118 2117)
4(2077 2078 2119 2118)
4(2078 2079 2120 2119)
4(2079 2080 2121 2120)
4(2080 2081 2122 2121)
4(2081 2082 2123 2122)
4(0 1 83 82)
4(82 83 165 164)
4(164 165 247 246)
4(246 247 329 328)
4(328 329 411 410)
4(410 411 493 492)
4(492 493 575 574)
4(574 575 657 656)
4(656 657 739 738)
4(738 739 821 820)
4(820 821 865 864)
4(864 865 909 908)
4(908 909 953 952)
4(952 953 997 996)
4(996 997 1041 1040)
4(1040 1041 1085 1084)
4(1084 1085 1129 1128)
4(1128 1129 1173 1172)
4(1172 1173 1217 1216)
4(1216 1217 1261 1260)
4(1260 1261 1305 1304)
4(1304 1305 1387 1386)
4(1386 1387 1469 1468)
4(1468 1469 1551 1550)
4(1550 1551 1633 1632)
4(1632 1633 1715 1714)
4(1714 1715 1797 1796)
4(1796 1797 1879 1878)
4(1878 1879 1961 1960)
4(1960 1961 2043 2042)
4(1 2 84 83)
4(83 84 166 165)
4(165 166 248 247)
4(247 248 330 329)
4(329 330 412 411)
4(411 412 494 493)
4(493 494 576 575)
4(575 576 658 657)
4(657 658 740 739)
4(739 740 822 821)
4(821 822 866 865)
4(865 866 910 909)
4(909 910 954 953)
4(953 954 998 997)
4(997 998 1042 1041)
4(1041 1042 1086 1085)
4(1085 1086 1130 1129)
4(1129 1130 1174 1173)
4(1173 1174 1218 1217)
4(1217 1218 1262 1261)
4(1261 1262 1306 1305)
4(1305 1306 1388 1387)
4(1387 1388 1470 1469)
4(1469 1470 1552 1551)
4(1551 1552 1634 1633)
4(1633 1634 1716 1715)
4(1715 1716 1798 1797)
4(1797 1798 1880 1879)
4(1879 1880 1962 1961)
4(1961 1962 2044 2043)
4(2 3 85 84)
4(84 85 167 166)
4(166 167 249 248)
4(248 249 331 330)
4(330 331 413 412)
4(412 413 495 494)
4(494 495 577 576)
4(576 577 659 658)
4(658 659 741 740)
4(740 741 823 822)
4(822 823 867 866)
4(866 867 911 910)
4(910 911 955 954)
4(954 955 999 998)
4(998 999 1043 1042)
4(1042 1043 1087 1086)
4(1086 1087 1131 1130)
4(1130 1131 1175 1174)
4(1174 1175 1219 1218)
4(1218 1219 1263 1262)
4(1262 1263 1307 1306)
4(1306 1307 1389 1388)
4(1388 1389 1471 1470)
4(1470 1471 1553 1552)
4(1552 1553 1635 1634)
4(1634 1635 1717 1716)
4(1716 1717 1799 1798)
4(1798 1799 1881 1880)
4(1880 1881 1963 1962)
4(1962 1963 2045 2044)
4(3 4 86 85)
4(85 86 168 167)
4(167 168 250 249)
4(249 250 332 331)
4(331 332 414 413)
4(413 414 496 495)
4(495 496 578 577)
4(577 578 660 659)
4(659 660 742 741)
4(741 742 824 823)
4(823 824 868 867)
4(867 868 912 911)
4(911 912 956 955)
4(955 956 1000 999)
4(999 1000 1044 1043)
4(1043 1044 1088 1087)
4(1087 1088 1132 1131)
4(1131 1132 1176 1175)
4(1175 1176 1220 1219)
4(1219 1220 1264 1263)
4(1263 1264 1308 1307)
4(1307 1308 1390 1389)
4(1389 1390 1472 1471)
4(1471 1472 1554 1553)
4(1553 1554 1636 1635)
4(1635 1636 1718 1717)
4(1717 1718 1800 1799)
4(1799 1800 1882 1881)
4(1881 1882 1964 1963)
4(1963 1964 2046 2045)
4(4 5 87 86)
4(86 87 169 168)
4(168 169 251 250)
4(250 251 333 332)
4(332 333 415 414)
4(414 415 497 496)
4(496 497 579 578)
4(578 579 661 660)
4(660 661 743 742)
4(742 743 825 824)
4(824 825 869 868)
4(868 869 913 912)
4(912 913 957 956)
4(956 957 1001 1000)
4(1000 1001 1045 1044)
4(1044 1045 1089 1088)
4(1088 1089 1133 1132)
4(1132 1133 1177 1176)
4(1176 1177 1221 1220)
4(1220 1221 1265 1264)
4(1264 1265 1309 1308)
4(1308 1309 1391 1390)
4(1390 1391 1473 1472)
4(1472 1473 1555 1554)
4(1554 1555 1637 1636)
4(1636 1637 1719 1718)
4(1718 1719 1801 1800)
4(1800 1801 1883 1882)
4(1882 1883 1965 1964)
4(1964 1965 2047 2046)
4(5 6 88 87)
4(87 88 170 169)
4(169 170 252 251)
4(251 252 334 333)
4(333 334 416 415)
4(415 416 498 497)
4(497 498 580 579)
4(579 580 662 661)
4(661 662 744 743)
4(743 744 826 825)
4(825 826 870 869)
4(869 870 914 913)
4(913 914 958 957)
4(957 958 1002 1001)
4(1001 1002 1046 1045)
4(1045 1046 1090 1089)
4(1089 1090 1134 1133)
4(1133 1134 1178 1177)
4(1177 1178 1222 1221)
4(1221 1222 1266 1265)
4(1265 1266 1310 1309)
4(1309 1310 1392 1391)
4(1391 1392 1474 1473)
4(1473 1474 1556 1555)
4(1555 1556 1638 1637)
4(1637 1638 1720 1719)
4(1719 1720 1802 1801)
4(1801 1802 1884 1883)
4(1883 1884 1966 1965)
4(1965 1966 2048 2047)
4(6 7 89 88)
4(88 89 171 170)
4(170 171 253 252)
4(252 253 335 334)
4(334 335 417 416)
4(416 417 499 498)
4(498 499 581 580)
4(580 581 663 662)
4(662 663 745 744)
4(744 745 827 826)
4(826 827 871 870)
4(870 871 915 914)
4(914 915 959 958)
4(958 959 1003 1002)
4(1002 1003 1047 1046)
4(1046 1047 1091 1090)
4(1090 1091 1135 1134)
4(1134 1135 1179 1178)
4(1178 1179 1223 1222)
4(1222 1223 1267 1266)
4(1266 1267 1311 1310)
4(1310 1311 1393 1392)
4(1392 1393 1475 1474)
4(1474 1475 1557 1556)
4(1556 1557 1639 1638)
4(1638 1639 1721 1720)
4(1720 1721 1803 1802)
4(1802 1803 1885 1884)
4(1884 1885 1967 1966)
4(1966 1967 2049 2048)
4(7 8 90 89)
4(89 90 172 171)
4(171 172 254 253)
4(253 254 336 335)
4(335 336 418 417)
4(417 418 500 499)
4(499 500 582 581)
4(581 582 664 663)
4(663 664 746 745)
4(745 746 828 827)
4(827 828 872 871)
4(871 872 916 915)
4(915 916 960 959)
4(959 960 1004 1003)
4(1003 1004 1048 1047)
4(1047 1048 1092 1091)
4(1091 1092 1136 1135)
4(1135 1136 1180 1179)
4(1179 1180 1224 1223)
4(1223 1224 1268 1267)
4(1267 1268 1312 1311)
4(1311 1312 1394 1393)
4(1393 1394 1476 1475)
4(1475 1476 1558 1557)
4(1557 1558 1640 1639)
4(1639 1640 1722 1721)
4(1721 1722 1804 1803)
4(1803 1804 1886 1885)
4(1885 1886 1968 1967)
4(1967 1968 2050 2049)
4(8 9 91 90)
4(90 91 173 172)
4(172 173 255 254)
4(254 255 337 336)
4(336 337 419 418)
4(418 419 501 500)
4(500 501 583 582)
4(582 583 665 664)
4(664 665 747 746)
4(746 747 829 828)
4(828 829 873 872)
4(872 873 917 916)
4(916 917 961 960)
4(960 961 1005 1004)
4(1004 1005 1049 1048)
4(1048 1049 1093 1092)
4(1092 1093 1137 1136)
4(1136 1137 1181 1180)
4(1180 1181 1225 1224)
4(1224 1225 1269 1268)
4(1268 1269 1313 1312)
4(1312 1313 1395 1394)
4(1394 1395 1477 1476)
4(1476 1477 1559 1558)
4(1558 1559 1641 1640)
4(1640 1641 1723 1722)
4(1722 1723 1805 1804)
4(1804 1805 1887 1886)
4(1886 1887 1969 1968)
4(1968 1969 2051 2050)
4(9 10 92 91)
4(91 92 174 173)
4(173 174 256 255)
4(255 256 338 337)
4(337 338 420 419)
4(419 420 502 501)
4(501 502 584 583)
4(583 584 666 665)
4(665 666 748 747)
4(747 748 830 829)
4(829 830 874 873)
4(873 874 918 917)
4(917 918 962 961)
4(961 962 1006 1005)
4(1005 1006 1050 1049)
4(1049 1050 1094 1093)
4(1093 1094 1138 1137)
4(1137 1138 1182 1181)
4(1181 1182 1226 1225)
4(1225 1226 1270 1269)
4(1269 1270 1314 1313)
4(1313 1314 1396 1395)
4(1395 1396 1478 1477)
4(1477 1478 1560 1559)
4(1559 1560 1642 1641)
4(1641 1642 1724 1723)
4(1723 1724 1806 1805)
4(1805 1806 1888 1887)
4(1887 1888 1970 1969)
4(1969 1970 2052 2051)
4(10 11 93 92)
4(92 93 175 174)
4(174 175 257 256)
4(256 257 339 338)
4(338 339 421 420)
4(420 421 503 502)
4(502 503 585 584)
4(584 585 667 666)
4(666 667 749 748)
4(1314 1315 1397 1396)
4(1396 1397 1479 1478)
4(1478 1479 1561 1560)
4(1560 1561 1643 1642)
4(1642 1643 1725 1724)
4(1724 1725 1807 1806)
4(1806 1807 1889 1888)
4(1888 1889 1971 1970)
4(1970 1971 2053 2052)
4(11 12 94 93)
4(93 94 176 175)
4(175 176 258 257)
4(257 258 340 339)
4(339 340 422 421)
4(421 422 504 503)
4(503 504 586 585)
4(585 586 668 667)
4(667 668 750 749)
4(1315 1316 1398 1397)
4(1397 1398 1480 1479)
4(1479 1480 1562 1561)
4(1561 1562 1644 1643)
4(1643 1644 1726 1725)
4(1725 1726 1808 1807)
4(1807 1808 1890 1889)
4(1889 1890 1972 1971)
4(1971 1972 2054 2053)
4(12 13 95 94)
4(94 95 177 176)
4(176 177 259 258)
4(258 259 341 340)
4(340 341 423 422)
4(422 423 505 504)
4(504 505 587 586)
4(586 587 669 668)
4(668 669 751 750)
4(1316 1317 1399 1398)
4(1398 1399 1481 1480)
4(1480 1481 1563 1562)
4(1562 1563 1645 1644)
4(1644 1645 1727 1726)
4(1726 1727 1809 1808)
4(1808 1809 1891 1890)
4(1890 1891 1973 1972)
4(1972 1973 2055 2054)
4(13 14 96 95)
4(95 96 178 177)
4(177 178 260 259)
4(259 260 342 341)
4(341 342 424 423)
4(423 424 506 505)
4(505 506 588 587)
4(587 588 670 669)
4(669 670 752 751)
4(1317 1318 1400 1399)
4(1399 1400 1482 1481)
4(1481 1482 1564 1563)
4(1563 1564 1646 1645)
4(1645 1646 1728 1727)
4(1727 1728 1810 1809)
4(1809 1810 1892 1891)
4(1891 1892 1974 1973)
4(1973 1974 2056 2055)
4(14 15 97 96)
4(96 97 179 178)
4(178 179 261 260)
4(260 261 343 342)
4(342 343 425 424)
4(424 425 507 506)
4(506 507 589 588)
4(588 589 671 670)
4(670 671 753 752)
4(1318 1319 1401 1400)
4(1400 1401 1483 1482)
4(1482 1483 1565 1564)
4(1564 1565 1647 1646)
4(1646 1647 1729 1728)
4(1728 1729 1811 1810)
4(1810 1811 1893 1892)
4(1892 1893 1975 1974)
4(1974 1975 2057 2056)
4(15 16 98 97)
4(97 98 180 179)
4(179 180 262 261)
4(261 262 344 343)
4(343 344 426 425)
4(425 426 508 507)
4(507 508 590 589)
4(589 590 672 671)
4(671 672 754 753)
4(1319 1320 1402 1401)
4(1401 1402 1484 1483)
4(1483 1484 1566 1565)
4(1565 1566 1648 1647)
4(1647 1648 1730 1729)
4(1729 1730 1812 1811)
4(1811 1812 1894 1893)
4(1893 1894 1976 1975)
4(1975 1976 2058 2057)
4(16 17 99 98)
4(98 99 181 180)
4(180 181 263 262)
4(262 263 345 344)
4(344 345 427 426)
4(426 427 509 508)
4(508 509 591 590)
4(590 591 673 672)
4(672 673 755 754)
4(1320 1321 1403 1402)
4(1402 1403 1485 1484)
4(1484 1485 1567 1566)
4(1566 1567 1649 1648)
4(1648 1649 1731 1730)
4(1730 1731 1813 1812)
4(1812 1813 1895 1894)
4(1894 1895 1977 1976)
4(1976 1977 2059 2058)
4(17 18 100 99)
4(99 100 182 181)
4(181 182 264 263)
4(263 264 346 345)
4(345 346 428 427)
4(427 428 510 509)
4(509 510 592 591)
4(591 592 674 673)
4(673 674 756 755)
4(1321 1322 1404 1403)
4(1403 1404 1486 1485)
4(1485 1486 1568 1567)
4(1567 1568 1650 1649)
4(1649 1650 1732 1731)
4(1731 1732 1814 1813)
4(1813 1814 1896 1895)
4(1895 1896 1978 1977)
4(1977 1978 2060 2059)
4(18 19 101 100)
4(100 101 183 182)
4(182 183 265 264)
4(264 265 347 346)
4(346 347 429 428)
4(428 429 511 510)
4(510 511 593 592)
4(592 593 675 674)
4(674 675 757 756)
4(1322 1323 1405 1404)
4(1404 1405 1487 1486)
4(1486 1487 1569 1568)
4(1568 1569 1651 1650)
4(1650 1651 1733 1732)
4(1732 1733 1815 1814)
4(1814 1815 1897 1896)
4(1896 1897 1979 1978)
4(1978 1979 2061 2060)
4(19 20 102 101)
4(101 102 184 183)
4(183 184 266 265)
4(265 266 348 347)
4(347 348 430 429)
4(429 430 512 511)
4(511 512 594 593)
4(593 594 676 675)
4(675 676 758 757)
4(1323 1324 1406 1405)
4(1405 1406 1488 1487)
4(1487 1488 1570 1569)
4(1569 1570 1652 1651)
4(1651 1652 1734 1733)
4(1733 1734 1816 1815)
4(1815 1816 1898 1897)
4(1897 1898 1980 1979)
4(1979 1980 2062 2061)
4(20 21 103 102)
4(102 103 185 184)
4(184 185 267 266)
4(266 267 349 348)
4(348 349 431 430)
4(430 431 513 512)
4(512 513 595 594)
4(594 595 677 676)
4(676 677 759 758)
4(1324 1325 1407 1406)
4(1406 1407 1489 1488)
4(1488 1489 1571 1570)
4(1570 1571 1653 1652)
4(1652 1653 1735 1734)
4(1734 1735 1817 1816)
4(1816 1817 1899 1898)
4(1898 1899 1981 1980)
4(1980 1981 2063 2062)
4(21 22 104 103)
4(103 104 186 185)
4(185 186 268 267)
4(267 268 350 349)
4(349 350 432 431)
4(431 432 514 513)
4(513 514 596 595)
4(595 596 678 677)
4(677 678 760 759)
4(1325 1326 1408 1407)
4(1407 1408 1490 1489)
4(1489 1490 1572 1571)
4(1571 1572 1654 1653)
4(1653 1654 1736 1735)
4(1735 1736 1818 1817)
4(1817 1818 1900 1899)
4(1899 1900 1982 1981)
4(1981 1982 2064 2063)
4(22 23 105 104)
4(104 105 187 186)
4(186 187 269 268)
4(268 269 351 350)
4(350 351 433 432)
4(432 433 515 514)
4(514 515 597 596)
4(596 597 679 678)
4(678 679 761 760)
4(1326 1327 1409 1408)
4(1408 1409 1491 1490)
4(1490 1491 1573 1572)
4(1572 1573 1655 1654)
4(1654 1655 1737 1736)
4(1736 1737 1819 1818)
4(1818 1819 1901 1900)
4(1900 1901 1983 1982)
4(1982 1983 2065 2064)
4(23 24 106 105)
4(105 106 188 187)
4(187 188 270 269)
4(269 270 352 351)
4(351 352 434 433)
4(433 434 516 515)
4(515 516 598 597)
4(597 598 680 679)
4(679 680 762 761)
4(1327 1328 1410 1409)
4(1409 1410 1492 1491)
4(1491 1492 1574 1573)
4(1573 1574 1656 1655)
4(1655 1656 1738 1737)
4(1737 1738 1820 1819)
4(1819 1820 1902 1901)
4(1901 1902 1984 1983)
4(1983 1984 2066 2065)
4(24 25 107 106)
4(106 107 189 188)
4(188 189 271 270)
4(270 271 353 352)
4(352 353 435 434)
4(434 435 517 516)
4(516 517 599 598)
4(598 599 681 680)
4(680 681 763 762)
4(1328 1329 1411 1410)
4(1410 1411 1493 1492)
4(1492 1493 1575 1574)
4(1574 1575 1657 1656)
4(1656 1657 1739 1738)
4(1738 1739 1821 1820)
4(1820 1821 1903 1902)
4(1902 1903 1985 1984)
4(1984 1985 2067 2066)
4(25 26 108 107)
4(107 108 190 189)
4(189 190 272 271)
4(271 272 354 353)
4(353 354 436 435)
4(435 436 518 517)
4(517 518 600 599)
4(599 600 682 681)
4(681 682 764 763)
4(1329 1330 1412 1411)
4(1411 1412 1494 1493)
4(1493 1494 1576 1575)
4(1575 1576 1658 1657)
4(1657 1658 1740 1739)
4(1739 1740 1822 1821)
4(1821 1822 1904 1903)
4(1903 1904 1986 1985)
4(1985 1986 2068 2067)
4(26 27 109 108)
4(108 109 191 190)
4(190 191 273 272)
4(272 273 355 354)
4(354 355 437 436)
4(436 437 519 518)
4(518 519 601 600)
4(600 601 683 682)
4(682 683 765 764)
4(1330 1331 1413 1412)
4(1412 1413 1495 1494)
4(1494 1495 1577 1576)
4(1576 1577 1659 1658)
4(1658 1659 1741 1740)
4(1740 1741 1823 1822)
4(1822 1823 1905 1904)
4(1904 1905 1987 1986)
4(1986 1987 2069 2068)
4(27 28 110 109)
4(109 110 192 191)
4(191 192 274 273)
4(273 274 356 355)
4(355 356 438 437)
4(437 438 520 519)
4(519 520 602 601)
4(601 602 684 683)
4(683 684 766 765)
4(1331 1332 1414 1413)
4(1413 1414 1496 1495)
4(1495 1496 1578 1577)
4(1577 1578 1660 1659)
4(1659 1660 1742 1741)
4(1741 1742 1824 1823)
4(1823 1824 1906 1905)
4(1905 1906 1988 1987)
4(1987 1988 2070 2069)
4(28 29 111 110)
4(110 111 193 192)
4(192 193 275 274)
4(274 275 357 356)
4(356 357 439 438)
4(438 439 521 520)
4(520 521 603 602)
4(602 603 685 684)
4(684 685 767 766)
4(1332 1333 1415 1414)
4(1414 1415 1497 1496)
4(1496 1497 1579 1578)
4(1578 1579 1661 1660)
4(1660 1661 1743 1742)
4(1742 1743 1825 1824)
4(1824 1825 1907 1906)
4(1906 1907 1989 1988)
4(1988 1989 2071 2070)
4(29 30 112 111)
4(111 112 194 193)
4(193 194 276 275)
4(275 276 358 357)
4(357 358 440 439)
4(439 440 522 521)
4(521 522 604 603)
4(603 604 686 685)
4(685 686 768 767)
4(1333 1334 1416 1415)
4(1415 1416 1498 1497)
4(1497 1498 1580 1579)
4(1579 1580 1662 1661)
4(1661 1662 1744 1743)
4(1743 1744 1826 1825)
4(1825 1826 1908 1907)
4(1907 1908 1990 1989)
4(1989 1990 2072 2071)
4(30 31 113 112)
4(112 113 195 194)
4(194 195 277 276)
4(276 277 359 358)
4(358 359 441 440)
4(440 441 523 522)
4(522 523 605 604)
4(604 605 687 686)
4(686 687 769 768)
4(768 769 832 831)
4(831 832 876 875)
4(875 876 920 919)
4(919 920 964 963)
4(963 964 1008 1007)
4(1007 1008 1052 1051)
4(1051 1052 1096 1095)
4(1095 1096 1140 1139)
4(1139 1140 1184 1183)
4(1183 1184 1228 1227)
4(1227 1228 1272 1271)
4(1271 1272 1335 1334)
4(1334 1335 1417 1416)
4(1416 1417 1499 1498)
4(1498 1499 1581 1580)
4(1580 1581 1663 1662)
4(1662 1663 1745 1744)
4(1744 1745 1827 1826)
4(1826 1827 1909 1908)
4(1908 1909 1991 1990)
4(1990 1991 2073 2072)
4(31 32 114 113)
4(113 114 196 195)
4(195 196 278 277)
4(277 278 360 359)
4(359 360 442 441)
4(441 442 524 523)
4(523 524 606 605)
4(605 606 688 687)
4(687 688 770 769)
4(769 770 833 832)
4(832 833 877 876)
4(876 877 921 920)
4(920 921 965 964)
4(964 965 1009 1008)
4(1008 1009 1053 1052)
4(1052 1053 1097 1096)
4(1096 1097 1141 1140)
4(1140 1141 1185 1184)
4(1184 1185 1229 1228)
4(1228 1229 1273 1272)
4(1272 1273 1336 1335)
4(1335 1336 1418 1417)
4(1417 1418 1500 1499)
4(1499 1500 1582 1581)
4(1581 1582 1664 1663)
4(1663 1664 1746 1745)
4(1745 1746 1828 1827)
4(1827 1828 1910 1909)
4(1909 1910 1992 1991)
4(1991 1992 2074 2073)
4(32 33 115 114)
4(114 115 197 196)
4(196 197 279 278)
4(278 279 361 360)
4(360 361 443 442)
4(442 443 525 524)
4(524 525 607 606)
4(606 607 689 688)
4(688 689 771 770)
4(770 771 834 833)
4(833 834 878 877)
4(877 878 922 921)
4(921 922 966 965)
4(965 966 1010 1009)
4(1009 1010 1054 1053)
4(1053 1054 1098 1097)
4(1097 1098 1142 1141)
4(1141 1142 1186 1185)
4(1185 1186 1230 1229)
4(1229 1230 1274 1273)
4(1273 1274 1337 1336)
4(1336 1337 1419 1418)
4(1418 1419 1501 1500)
4(1500 1501 1583 1582)
4(1582 1583 1665 1664)
4(1664 1665 1747 1746)
4(1746 1747 1829 1828)
4(1828 1829 1911 1910)
4(1910 1911 1993 1992)
4(1992 1993 2075 2074)
4(33 34 116 115)
4(115 116 198 197)
4(197 198 280 279)
4(279 280 362 361)
4(361 362 444 443)
4(443 444 526 525)
4(525 526 608 607)
4(607 608 690 689)
4(689 690 772 771)
4(771 772 835 834)
4(834 835 879 878)
4(878 879 923 922)
4(922 923 967 966)
4(966 967 1011 1010)
4(1010 1011 1055 1054)
4(1054 1055 1099 1098)
4(1098 1099 1143 1142)
4(1142 1143 1187 1186)
4(1186 1187 1231 1230)
4(1230 1231 1275 1274)
4(1274 1275 1338 1337)
4(1337 1338 1420 1419)
4(1419 1420 1502 1501)
4(1501 1502 1584 1583)
4(1583 1584 1666 1665)
4(1665 1666 1748 1747)
4(1747 1748 1830 1829)
4(1829 1830 1912 1911)
4(1911 1912 1994 1993)
4(1993 1994 2076 2075)
4(34 35 117 116)
4(116 117 199 198)
4(198 199 281 280)
4(280 281 363 362)
4(362 363 445 444)
4(444 445 527 526)
4(526 527 609 608)
4(608 609 691 690)
4(690 691 773 772)
4(772 773 836 835)
4(835 836 880 879)
4(879 880 924 923)
4(923 924 968 967)
4(967 968 1012 1011)
4(1011 1012 1056 1055)
4(1055 1056 1100 1099)
4(1099 1100 1144 1143)
4(1143 1144 1188 1187)
4(1187 1188 1232 1231)
4(1231 1232 1276 1275)
4(1275 1276 1339 1338)
4(1338 1339 1421 1420)
4(1420 1421 1503 1502)
4(1502 1503 1585 1584)
4(1584 1585 1667 1666)
4(1666 1667 1749 1748)
4(1748 1749 1831 1830)
4(1830 1831 1913 1912)
4(1912 1913 1995 1994)
4(1994 1995 2077 2076)
4(35 36 118 117)
4(117 118 200 199)
4(199 200 282 281)
4(281 282 364 363)
4(363 364 446 445)
4(445 446 528 527)
4(527 528 610 609)
4(609 610 692 691)
4(691 692 774 773)
4(773 774 837 836)
4(836 837 881 880)
4(880 881 925 924)
4(924 925 969 968)
4(968 969 1013 1012)
4(1012 1013 1057 1056)
4(1056 1057 1101 1100)
4(1100 1101 1145 1144)
4(1144 1145 1189 1188)
4(1188 1189 1233 1232)
4(1232 1233 1277 1276)
4(1276 1277 1340 1339)
4(1339 1340 1422 1421)
4(1421 1422 1504 1503)
4(1503 1504 1586 1585)
4(1585 1586 1668 1667)
4(1667 1668 1750 1749)
4(1749 1750 1832 1831)
4(1831 1832 1914 1913)
4(1913 1914 1996 1995)
4(1995 1996 2078 2077)
4(36 37 119 118)
4(118 119 201 200)
4(200 201 283 282)
4(282 283 365 364)
4(364 365 447 446)
4(446 447 529 528)
4(528 529 611 610)
4(610 611 693 692)
4(692 693 775 774)
4(774 775 838 837)
4(837 838 882 881)
4(881 882 926 925)
4(925 926 970 969)
4(969 970 1014 1013)
4(1013 1014 1058 1057)
4(1057 1058 1102 1101)
4(1101 1102 1146 1145)
4(1145 1146 1190 1189)
4(1189 1190 1234 1233)
4(1233 1234 1278 1277)
4(1277 1278 1341 1340)
4(1340 1341 1423 1422)
4(1422 1423 1505 1504)
4(1504 1505 1587 1586)
4(1586 1587 1669 1668)
4(1668 1669 1751 1750)
4(1750 1751 1833 1832)
4(1832 1833 1915 1914)
4(1914 1915 1997 1996)
4(1996 1997 2079 2078)
4(37 38 120 119)
4(119 120 202 201)
4(201 202 284 283)
4(283 284 366 365)
4(365 366 448 447)
4(447 448 530 529)
4(529 530 612 611)
4(611 612 694 693)
4(693 694 776 775)
4(775 776 839 838)
4(838 839 883 882)
4(882 883 927 926)
4(926 927 971 970)
4(970 971 1015 1014)
4(1014 1015 1059 1058)
4(1058 1059 1103 1102)
4(1102 1103 1147 1146)
4(1146 1147 1191 1190)
4(1190 1191 1235 1234)
4(1234 1235 1279 1278)
4(1278 1279 1342 1341)
4(1341 1342 1424 1423)
4(1423 1424 1506 1505)
4(1505 1506 1588 1587)
4(1587 1588 1670 1669)
4(1669 1670 1752 1751)
4(1751 1752 1834 1833)
4(1833 1834 1916 1915)
4(1915 1916 1998 1997)
4(1997 1998 2080 2079)
4(38 39 121 120)
4(120 121 203 202)
4(202 203 285 284)
4(284 285 367 366)
4(366 367 449 448)
4(448 449 531 530)
4(530 531 613 612)
4(612 613 695 694)
4(694 695 777 776)
4(776 777 840 839)
4(839 840 884 883)
4(883 884 928 927)
4(927 928 972 971)
4(971 972 1016 1015)
4(1015 1016 1060 1059)
4(1059 1060 1104 1103)
4(1103 1104 1148 1147)
4(1147 1148 1192 1191)
4(1191 1192 1236 1235)
4(1235 1236 1280 1279)
4(1279 1280 1343 1342)
4(1342 1343 1425 1424)
4(1424 1425 1507 1506)
4(1506 1507 1589 1588)
4(1588 1589 1671 1670)
4(1670 1671 1753 1752)
4(1752 1753 1835 1834)
4(1834 1835 1917 1916)
4(1916 1917 1999 1998)
4(1998 1999 2081 2080)
4(39 40 122 121)
4(121 122 204 203)
4(203 204 286 285)
4(285 286 368 367)
4(367 368 450 449)
4(449 450 532 531)
4(531 532 614 613)
4(613 614 696 695)
4(695 696 778 777)
4(777 778 841 840)
4(840 841 885 884)
4(884 885 929 928)
4(928 929 973 972)
4(972 973 1017 1016)
4(1016 1017 1061 1060)
4(1060 1061 1105 1104)
4(1104 1105 1149 1148)
4(1148 1149 1193 1192)
4(1192 1193 1237 1236)
4(1236 1237 1281 1280)
4(1280 1281 1344 1343)
4(1343 1344 1426 1425)
4(1425 1426 1508 1507)
4(1507 1508 1590 1589)
4(1589 1590 1672 1671)
4(1671 1672 1754 1753)
4(1753 1754 1836 1835)
4(1835 1836 1918 1917)
4(1917 1918 2000 1999)
4(1999 2000 2082 2081)
4(41 123 124 42)
4(123 205 206 124)
4(205 287 288 206)
4(287 369 370 288)
4(369 451 452 370)
4(451 533 534 452)
4(533 615 616 534)
4(615 697 698 616)
4(697 779 780 698)
4(779 842 843 780)
4(842 886 887 843)
4(886 930 931 887)
4(930 974 975 931)
4(974 1018 1019 975)
4(1018 1062 1063 1019)
4(1062 1106 1107 1063)
4(1106 1150 1151 1107)
4(1150 1194 1195 1151)
4(1194 1238 1239 1195)
4(1238 1282 1283 1239)
4(1282 1345 1346 1283)
4(1345 1427 1428 1346)
4(1427 1509 1510 1428)
4(1509 1591 1592 1510)
4(1591 1673 1674 1592)
4(1673 1755 1756 1674)
4(1755 1837 1838 1756)
4(1837 1919 1920 1838)
4(1919 2001 2002 1920)
4(2001 2083 2084 2002)
4(42 124 125 43)
4(124 206 207 125)
4(206 288 289 207)
4(288 370 371 289)
4(370 452 453 371)
4(452 534 535 453)
4(534 616 617 535)
4(616 698 699 617)
4(698 780 781 699)
4(780 843 844 781)
4(843 887 888 844)
4(887 931 932 888)
4(931 975 976 932)
4(975 1019 1020 976)
4(1019 1063 1064 1020)
4(1063 1107 1108 1064)
4(1107 1151 1152 1108)
4(1151 1195 1196 1152)
4(1195 1239 1240 1196)
4(1239 1283 1284 1240)
4(1283 1346 1347 1284)
4(1346 1428 1429 1347)
4(1428 1510 1511 1429)
4(1510 1592 1593 1511)
4(1592 1674 1675 1593)
4(1674 1756 1757 1675)
4(1756 1838 1839 1757)
4(1838 1920 1921 1839)
4(1920 2002 2003 1921)
4(2002 2084 2085 2003)
4(43 125 126 44)
4(125 207 208 126)
4(207 289 290 208)
4(289 371 372 290)
4(371 453 454 372)
4(453 535 536 454)
4(535 617 618 536)
4(617 699 700 618)
4(699 781 782 700)
4(781 844 845 782)
4(844 888 889 845)
4(888 932 933 889)
4(932 976 977 933)
4(976 1020 1021 977)
4(1020 1064 1065 1021)
4(1064 1108 1109 1065)
4(1108 1152 1153 1109)
4(1152 1196 1197 1153)
4(1196 1240 1241 1197)
4(1240 1284 1285 1241)
4(1284 1347 1348 1285)
4(1347 1429 1430 1348)
4(1429 1511 1512 1430)
4(1511 1593 1594 1512)
4(1593 1675 1676 1594)
4(1675 1757 1758 1676)
4(1757 1839 1840 1758)
4(1839 1921 1922 1840)
4(1921 2003 2004 1922)
4(2003 2085 2086 2004)
4(44 126 127 45)
4(126 208 209 127)
4(208 290 291 209)
4(290 372 373 291)
4(372 454 455 373)
4(454 536 537 455)
4(536 618 619 537)
4(618 700 701 619)
4(700 782 783 701)
4(782 845 846 783)
4(845 889 890 846)
4(889 933 934 890)
4(933 977 978 934)
4(977 1021 1022 978)
4(1021 1065 1066 1022)
4(1065 1109 1110 1066)
4(1109 1153 1154 1110)
4(1153 1197 1198 1154)
4(1197 1241 1242 1198)
4(1241 1285 1286 1242)
4(1285 1348 1349 1286)
4(1348 1430 1431 1349)
4(1430 1512 1513 1431)
4(1512 1594 1595 1513)
4(1594 1676 1677 1595)
4(1676 1758 1759 1677)
4(1758 1840 1841 1759)
4(1840 1922 1923 1841)
4(1922 2004 2005 1923)
4(2004 2086 2087 2005)
4(45 127 128 46)
4(127 209 210 128)
4(209 291 292 210)
4(291 373 374 292)
4(373 455 456 374)
4(455 537 538 456)
4(537 619 620 538)
4(619 701 702 620)
4(701 783 784 702)
4(783 846 847 784)
4(846 890 891 847)
4(890 934 935 891)
4(934 978 979 935)
4(978 1022 1023 979)
4(1022 1066 1067 1023)
4(1066 1110 1111 1067)
4(1110 1154 1155 1111)
4(1154 1198 1199 1155)
4(1198 1242 1243 1199)
4(1242 1286 1287 1243)
4(1286 1349 1350 1287)
4(1349 1431 1432 1350)
4(1431 1513 1514 1432)
4(1513 1595 1596 1514)
4(1595 1677 1678 1596)
4(1677 1759 1760 1678)
4(1759 1841 1842 1760)
4(1841 1923 1924 1842)
4(1923 2005 2006 1924)
4(2005 2087 2088 2006)
4(46 128 129 47)
4(128 210 211 129)
4(210 292 293 211)
4(292 374 375 293)
4(374 456 457 375)
4(456 538 539 457)
4(538 620 621 539)
4(620 702 703 621)
4(702 784 785 703)
4(784 847 848 785)
4(847 891 892 848)
4(891 935 936 892)
4(935 979 980 936)
4(979 1023 1024 980)
4(1023 1067 1068 1024)
4(1067 1111 1112 1068)
4(1111 1155 1156 1112)
4(1155 1199 1200 1156)
4(1199 1243 1244 1200)
4(1243 1287 1288 1244)
4(1287 1350 1351 1288)
4(1350 1432 1433 1351)
4(1432 1514 1515 1433)
4(1514 1596 1597 1515)
4(1596 1678 1679 1597)
4(1678 1760 1761 1679)
4(1760 1842 1843 1761)
4(1842 1924 1925 1843)
4(1924 2006 2007 1925)
4(2006 2088 2089 2007)
4(47 129 130 48)
4(129 211 212 130)
4(211 293 294 212)
4(293 375 376 294)
4(375 457 458 376)
4(457 539 540 458)
4(539 621 622 540)
4(621 703 704 622)
4(703 785 786 704)
4(785 848 849 786)
4(848 892 893 849)
4(892 936 937 893)
4(936 980 981 937)
4(980 1024 1025 981)
4(1024 1068 1069 1025)
4(1068 1112 1113 1069)
4(1112 1156 1157 1113)
4(1156 1200 1201 1157)
4(1200 1244 1245 1201)
4(1244 1288 1289 1245)
4(1288 1351 1352 1289)
4(1351 1433 1434 1352)
4(1433 1515 1516 1434)
4(1515 1597 1598 1516)
4(1597 1679 1680 1598)
4(1679 1761 1762 1680)
4(1761 1843 1844 1762)
4(1843 1925 1926 1844)
4(1925 2007 2008 1926)
4(2007 2089 2090 2008)
4(48 130 131 49)
4(130 212 213 131)
4(212 294 295 213)
4(294 376 377 295)
4(376 458 459 377)
4(458 540 541 459)
4(540 622 623 541)
4(622 704 705 623)
4(704 786 787 705)
4(786 849 850 787)
4(849 893 894 850)
4(893 937 938 894)
4(937 981 982 938)
4(981 1025 1026 982)
4(1025 1069 1070 1026)
4(1069 1113 1114 1070)
4(1113 1157 1158 1114)
4(1157 1201 1202 1158)
4(1201 1245 1246 1202)
4(1245 1289 1290 1246)
4(1289 1352 1353 1290)
4(1352 1434 1435 1353)
4(1434 1516 1517 1435)
4(1516 1598 1599 1517)
4(1598 1680 1681 1599)
4(1680 1762 1763 1681)
4(1762 1844 1845 1763)
4(1844 1926 1927 1845)
4(1926 2008 2009 1927)
4(2008 2090 2091 2009)
4(49 131 132 50)
4(131 213 214 132)
4(213 295 296 214)
4(295 377 378 296)
4(377 459 460 378)
4(459 541 542 460)
4(541 623 624 542)
4(623 705 706 624)
4(705 787 788 706)
4(787 850 851 788)
4(850 894 895 851)
4(894 938 939 895)
4(938 982 983 939)
4(982 1026 1027 983)
4(1026 1070 1071 1027)
4(1070 1114 1115 1071)
4(1114 1158 1159 1115)
4(1158 1202 1203 1159)
4(1202 1246 1247 1203)
4(1246 1290 1291 1247)
4(1290 1353 1354 1291)
4(1353 1435 1436 1354)
4(1435 1517 1518 1436)
4(1517 1599 1600 1518)
4(1599 1681 1682 1600)
4(1681 1763 1764 1682)
4(1763 1845 1846 1764)
4(1845 1927 1928 1846)
4(1927 2009 2010 1928)
4(2009 2091 2092 2010)
4(50 132 133 51)
4(132 214 215 133)
4(214 296 297 215)
4(296 378 379 297)
4(378 460 461 379)
4(460 542 543 461)
4(542 624 625 543)
4(624 706 707 625)
4(706 788 789 707)
4(788 851 852 789)
4(851 895 896 852)
4(895 939 940 896)
4(939 983 984 940)
4(983 1027 1028 984)
4(1027 1071 1072 1028)
4(1071 1115 1116 1072)
4(1115 1159 1160 1116)
4(1159 1203 1204 1160)
4(1203 1247 1248 1204)
4(1247 1291 1292 1248)
4(1291 1354 1355 1292)
4(1354 1436 1437 1355)
4(1436 1518 1519 1437)
4(1518 1600 1601 1519)
4(1600 1682 1683 1601)
4(1682 1764 1765 1683)
4(1764 1846 1847 1765)
4(1846 1928 1929 1847)
4(1928 2010 2011 1929)
4(2010 2092 2093 2011)
4(51 133 134 52)
4(133 215 216 134)
4(215 297 298 216)
4(297 379 380 298)
4(379 461 462 380)
4(461 543 544 462)
4(543 625 626 544)
4(625 707 708 626)
4(707 789 790 708)
4(1355 1437 1438 1356)
4(1437 1519 1520 1438)
4(1519 1601 1602 1520)
4(1601 1683 1684 1602)
4(1683 1765 1766 1684)
4(1765 1847 1848 1766)
4(1847 1929 1930 1848)
4(1929 2011 2012 1930)
4(2011 2093 2094 2012)
4(52 134 135 53)
4(134 216 217 135)
4(216 298 299 217)
4(298 380 381 299)
4(380 462 463 381)
4(462 544 545 463)
4(544 626 627 545)
4(626 708 709 627)
4(708 790 791 709)
4(1356 1438 1439 1357)
4(1438 1520 1521 1439)
4(1520 1602 1603 1521)
4(1602 1684 1685 1603)
4(1684 1766 1767 1685)
4(1766 1848 1849 1767)
4(1848 1930 1931 1849)
4(1930 2012 2013 1931)
4(2012 2094 2095 2013)
4(53 135 136 54)
4(135 217 218 136)
4(217 299 300 218)
4(299 381 382 300)
4(381 463 464 382)
4(463 545 546 464)
4(545 627 628 546)
4(627 709 710 628)
4(709 791 792 710)
4(1357 1439 1440 1358)
4(1439 1521 1522 1440)
4(1521 1603 1604 1522)
4(1603 1685 1686 1604)
4(1685 1767 1768 1686)
4(1767 1849 1850 1768)
4(1849 1931 1932 1850)
4(1931 2013 2014 1932)
4(2013 2095 2096 2014)
4(54 136 137 55)
4(136 218 219 137)
4(218 300 301 219)
4(300 382 383 301)
4(382 464 465 383)
4(464 546 547 465)
4(546 628 629 547)
4(628 710 711 629)
4(710 792 793 711)
4(1358 1440 1441 1359)
4(1440 1522 1523 1441)
4(1522 1604 1605 1523)
4(1604 1686 1687 1605)
4(1686 1768 1769 1687)
4(1768 1850 1851 1769)
4(1850 1932 1933 1851)
4(1932 2014 2015 1933)
4(2014 2096 2097 2015)
4(55 137 138 56)
4(137 219 220 138)
4(219 301 302 220)
4(301 383 384 302)
4(383 465 466 384)
4(465 547 548 466)
4(547 629 630 548)
4(629 711 712 630)
4(711 793 794 712)
4(1359 1441 1442 1360)
4(1441 1523 1524 1442)
4(1523 1605 1606 1524)
4(1605 1687 1688 1606)
4(1687 1769 1770 1688)
4(1769 1851 1852 1770)
4(1851 1933 1934 1852)
4(1933 2015 2016 1934)
4(2015 2097 2098 2016)
4(56 138 139 57)
4(138 220 221 139)
4(220 302 303 221)
4(302 384 385 303)
4(384 466 467 385)
4(466 548 549 467)
4(548 630 631 549)
4(630 712 713 631)
4(712 794 795 713)
4(1360 1442 1443 1361)
4(1442 1524 1525 1443)
4(1524 1606 1607 1525)
4(1606 1688 1689 1607)
4(1688 1770 1771 1689)
4(1770 1852 1853 1771)
4(1852 1934 1935 1853)
4(1934 2016 2017 1935)
4(2016 2098 2099 2017)
4(57 139 140 58)
4(139 221 222 140)
4(221 303 304 222)
4(303 385 386 304)
4(385 467 468 386)
4(467 549 550 468)
4(549 631 632 550)
4(631 713 714 632)
4(713 795 796 714)
4(1361 1443 1444 1362)
4(1443 1525 1526 1444)
4(1525 1607 1608 1526)
4(1607 1689 1690 1608)
4(1689 1771 1772 1690)
4(1771 1853 1854 1772)
4(1853 1935 1936 1854)
4(1935 2017 2018 1936)
4(2017 2099 2100 2018)
4(58 140 141 59)
4(140 222 223 141)
4(222 304 305 223)
4(304 386 387 305)
4(386 468 469 387)
4(468 550 551 469)
4(550 632 633 551)
4(632 714 715 633)
4(714 796 797 715)
4(1362 1444 1445 1363)
4(1444 1526 1527 1445)
4(1526 1608 1609 1527)
4(1608 1690 1691 1609)
4(1690 1772 1773 1691)
4(1772 1854 1855 1773)
4(1854 1936 1937 1855)
4(1936 2018 2019 1937)
4(2018 2100 2101 2019)
4(59 141 142 60)
4(141 223 224 142)
4(223 305 306 224)
4(305 387 388 306)
4(387 469 470 388)
4(469 551 552 470)
4(551 633 634 552)
4(633 715 716 634)
4(715 797 798 716)
4(1363 1445 1446 1364)
4(1445 1527 1528 1446)
4(1527 1609 1610 1528)
4(1609 1691 1692 1610)
4(1691 1773 1774 1692)
4(1773 1855 1856 1774)
4(1855 1937 1938 1856)
4(1937 2019 2020 1938)
4(2019 2101 2102 2020)
4(60 142 143 61)
4(142 224 225 143)
4(224 306 307 225)
4(306 388 389 307)
4(388 470 471 389)
4(470 552 553 471)
4(552 634 635 553)
4(634 716 717 635)
4(716 798 799 717)
4(1364 1446 1447 1365)
4(1446 1528 1529 1447)
4(1528 1610 1611 1529)
4(1610 1692 1693 1611)
4(1692 1774 1775 1693)
4(1774 1856 1857 1775)
4(1856 1938 1939 1857)
4(1938 2020 2021 1939)
4(2020 2102 2103 2021)
4(61 143 144 62)
4(143 225 226 144)
4(225 307 308 226)
4(307 389 390 308)
4(389 471 472 390)
4(471 553 554 472)
4(553 635 636 554)
4(635 717 718 636)
4(717 799 800 718)
4(1365 1447 1448 1366)
4(1447 1529 1530 1448)
4(1529 1611 1612 1530)
4(1611 1693 1694 1612)
4(1693 1775 1776 1694)
4(1775 1857 1858 1776)
4(1857 1939 1940 1858)
4(1939 2021 2022 1940)
4(2021 2103 2104 2022)
4(62 144 145 63)
4(144 226 227 145)
4(226 308 309 227)
4(308 390 391 309)
4(390 472 473 391)
4(472 554 555 473)
4(554 636 637 555)
4(636 718 719 637)
4(718 800 801 719)
4(1366 1448 1449 1367)
4(1448 1530 1531 1449)
4(1530 1612 1613 1531)
4(1612 1694 1695 1613)
4(1694 1776 1777 1695)
4(1776 1858 1859 1777)
4(1858 1940 1941 1859)
4(1940 2022 2023 1941)
4(2022 2104 2105 2023)
4(63 145 146 64)
4(145 227 228 146)
4(227 309 310 228)
4(309 391 392 310)
4(391 473 474 392)
4(473 555 556 474)
4(555 637 638 556)
4(637 719 720 638)
4(719 801 802 720)
4(1367 1449 1450 1368)
4(1449 1531 1532 1450)
4(1531 1613 1614 1532)
4(1613 1695 1696 1614)
4(1695 1777 1778 1696)
4(1777 1859 1860 1778)
4(1859 1941 1942 1860)
4(1941 2023 2024 1942)
4(2023 2105 2106 2024)
4(64 146 147 65)
4(146 228 229 147)
4(228 310 311 229)
4(310 392 393 311)
4(392 474 475 393)
4(474 556 557 475)
4(556 638 639 557)
4(638 720 721 639)
4(720 802 803 721)
4(1368 1450 1451 1369)
4(1450 1532 1533 1451)
4(1532 1614 1615 1533)
4(1614 1696 1697 1615)
4(1696 1778 1779 1697)
4(1778 1860 1861 1779)
4(1860 1942 1943 1861)
4(1942 2024 2025 1943)
4(2024 2106 2107 2025)
4(65 147 148 66)
4(147 229 230 148)
4(229 311 312 230)
4(311 393 394 312)
4(393 475 476 394)
4(475 557 558 476)
4(557 639 640 558)
4(639 721 722 640)
4(721 803 804 722)
4(1369 1451 1452 1370)
4(1451 1533 1534 1452)
4(1533 1615 1616 1534)
4(1615 1697 1698 1616)
4(1697 1779 1780 1698)
4(1779 1861 1862 1780)
4(1861 1943 1944 1862)
4(1943 2025 2026 1944)
4(2025 2107 2108 2026)
4(66 148 149 67)
4(148 230 231 149)
4(230 312 313 231)
4(312 394 395 313)
4(394 476 477 395)
4(476 558 559 477)
4(558 640 641 559)
4(640 722 723 641)
4(722 804 805 723)
4(1370 1452 1453 1371)
4(1452 1534 1535 1453)
4(1534 1616 1617 1535)
4(1616 1698 1699 1617)
4(1698 1780 1781 1699)
4(1780 1862 1863 1781)
4(1862 1944 1945 1863)
4(1944 2026 2027 1945)
4(2026 2108 2109 2027)
4(67 149 150 68)
4(149 231 232 150)
4(231 313 314 232)
4(313 395 396 314)
4(395 477 478 396)
4(477 559 560 478)
4(559 641 642 560)
4(641 723 724 642)
4(723 805 806 724)
4(1371 1453 1454 1372)
4(1453 1535 1536 1454)
4(1535 1617 1618 1536)
4(1617 1699 1700 1618)
4(1699 1781 1782 1700)
4(1781 1863 1864 1782)
4(1863 1945 1946 1864)
4(1945 2027 2028 1946)
4(2027 2109 2110 2028)
4(68 150 151 69)
4(150 232 233 151)
4(232 314 315 233)
4(314 396 397 315)
4(396 478 479 397)
4(478 560 561 479)
4(560 642 643 561)
4(642 724 725 643)
4(724 806 807 725)
4(1372 1454 1455 1373)
4(1454 1536 1537 1455)
4(1536 1618 1619 1537)
4(1618 1700 1701 1619)
4(1700 1782 1783 1701)
4(1782 1864 1865 1783)
4(1864 1946 1947 1865)
4(1946 2028 2029 1947)
4(2028 2110 2111 2029)
4(69 151 152 70)
4(151 233 234 152)
4(233 315 316 234)
4(315 397 398 316)
4(397 479 480 398)
4(479 561 562 480)
4(561 643 644 562)
4(643 725 726 644)
4(725 807 808 726)
4(1373 1455 1456 1374)
4(1455 1537 1538 1456)
4(1537 1619 1620 1538)
4(1619 1701 1702 1620)
4(1701 1783 1784 1702)
4(1783 1865 1866 1784)
4(1865 1947 1948 1866)
4(1947 2029 2030 1948)
4(2029 2111 2112 2030)
4(70 152 153 71)
4(152 234 235 153)
4(234 316 317 235)
4(316 398 399 317)
4(398 480 481 399)
4(480 562 563 481)
4(562 644 645 563)
4(644 726 727 645)
4(726 808 809 727)
4(1374 1456 1457 1375)
4(1456 1538 1539 1457)
4(1538 1620 1621 1539)
4(1620 1702 1703 1621)
4(1702 1784 1785 1703)
4(1784 1866 1867 1785)
4(1866 1948 1949 1867)
4(1948 2030 2031 1949)
4(2030 2112 2113 2031)
4(71 153 154 72)
4(153 235 236 154)
4(235 317 318 236)
4(317 399 400 318)
4(399 481 482 400)
4(481 563 564 482)
4(563 645 646 564)
4(645 727 728 646)
4(727 809 810 728)
4(809 853 854 810)
4(853 897 898 854)
4(897 941 942 898)
4(941 985 986 942)
4(985 1029 1030 986)
4(1029 1073 1074 1030)
4(1073 1117 1118 1074)
4(1117 1161 1162 1118)
4(1161 1205 1206 1162)
4(1205 1249 1250 1206)
4(1249 1293 1294 1250)
4(1293 1375 1376 1294)
4(1375 1457 1458 1376)
4(1457 1539 1540 1458)
4(1539 1621 1622 1540)
4(1621 1703 1704 1622)
4(1703 1785 1786 1704)
4(1785 1867 1868 1786)
4(1867 1949 1950 1868)
4(1949 2031 2032 1950)
4(2031 2113 2114 2032)
4(72 154 155 73)
4(154 236 237 155)
4(236 318 319 237)
4(318 400 401 319)
4(400 482 483 401)
4(482 564 565 483)
4(564 646 647 565)
4(646 728 729 647)
4(728 810 811 729)
4(810 854 855 811)
4(854 898 899 855)
4(898 942 943 899)
4(942 986 987 943)
4(986 1030 1031 987)
4(1030 1074 1075 1031)
4(1074 1118 1119 1075)
4(1118 1162 1163 1119)
4(1162 1206 1207 1163)
4(1206 1250 1251 1207)
4(1250 1294 1295 1251)
4(1294 1376 1377 1295)
4(1376 1458 1459 1377)
4(1458 1540 1541 1459)
4(1540 1622 1623 1541)
4(1622 1704 1705 1623)
4(1704 1786 1787 1705)
4(1786 1868 1869 1787)
4(1868 1950 1951 1869)
4(1950 2032 2033 1951)
4(2032 2114 2115 2033)
4(73 155 156 74)
4(155 237 238 156)
4(237 319 320 238)
4(319 401 402 320)
4(401 483 484 402)
4(483 565 566 484)
4(565 647 648 566)
4(647 729 730 648)
4(729 811 812 730)
4(811 855 856 812)
4(855 899 900 856)
4(899 943 944 900)
4(943 987 988 944)
4(987 1031 1032 988)
4(1031 1075 1076 1032)
4(1075 1119 1120 1076)
4(1119 1163 1164 1120)
4(1163 1207 1208 1164)
4(1207 1251 1252 1208)
4(1251 1295 1296 1252)
4(1295 1377 1378 1296)
4(1377 1459 1460 1378)
4(1459 1541 1542 1460)
4(1541 1623 1624 1542)
4(1623 1705 1706 1624)
4(1705 1787 1788 1706)
4(1787 1869 1870 1788)
4(1869 1951 1952 1870)
4(1951 2033 2034 1952)
4(2033 2115 2116 2034)
4(74 156 157 75)
4(156 238 239 157)
4(238 320 321 239)
4(320 402 403 321)
4(402 484 485 403)
4(484 566 567 485)
4(566 648 649 567)
4(648 730 731 649)
4(730 812 813 731)
4(812 856 857 813)
4(856 900 901 857)
4(900 944 945 901)
4(944 988 989 945)
4(988 1032 1033 989)
4(1032 1076 1077 1033)
4(1076 1120 1121 1077)
4(1120 1164 1165 1121)
4(1164 1208 1209 1165)
4(1208 1252 1253 1209)
4(1252 1296 1297 1253)
4(1296 1378 1379 1297)
4(1378 1460 1461 1379)
4(1460 1542 1543 1461)
4(1542 1624 1625 1543)
4(1624 1706 1707 1625)
4(1706 1788 1789 1707)
4(1788 1870 1871 1789)
4(1870 1952 1953 1871)
4(1952 2034 2035 1953)
4(2034 2116 2117 2035)
4(75 157 158 76)
4(157 239 240 158)
4(239 321 322 240)
4(321 403 404 322)
4(403 485 486 404)
4(485 567 568 486)
4(567 649 650 568)
4(649 731 732 650)
4(731 813 814 732)
4(813 857 858 814)
4(857 901 902 858)
4(901 945 946 902)
4(945 989 990 946)
4(989 1033 1034 990)
4(1033 1077 1078 1034)
4(1077 1121 1122 1078)
4(1121 1165 1166 1122)
4(1165 1209 1210 1166)
4(1209 1253 1254 1210)
4(1253 1297 1298 1254)
4(1297 1379 1380 1298)
4(1379 1461 1462 1380)
4(1461 1543 1544 1462)
4(1543 1625 1626 1544)
4(1625 1707 1708 1626)
4(1707 1789 1790 1708)
4(1789 1871 1872 1790)
4(1871 1953 1954 1872)
4(1953 2035 2036 1954)
4(2035 2117 2118 2036)
4(76 158 159 77)
4(158 240 241 159)
4(240 322 323 241)
4(322 404 405 323)
4(404 486 487 405)
4(486 568 569 487)
4(568 650 651 569)
4(650 732 733 651)
4(732 814 815 733)
4(814 858 859 815)
4(858 902 903 859)
4(902 946 947 903)
4(946 990 991 947)
4(990 1034 1035 991)
4(1034 1078 1079 1035)
4(1078 1122 1123 1079)
4(1122 1166 1167 1123)
4(1166 1210 1211 1167)
4(1210 1254 1255 1211)
4(1254 1298 1299 1255)
4(1298 1380 1381 1299)
4(1380 1462 1463 1381)
4(1462 1544 1545 1463)
4(1544 1626 1627 1545)
4(1626 1708 1709 1627)
4(1708 1790 1791 1709)
4(1790 1872 1873 1791)
4(1872 1954 1955 1873)
4(1954 2036 2037 1955)
4(2036 2118 2119 2037)
4(77 159 160 78)
4(159 241 242 160)
4(241 323 324 242)
4(323 405 406 324)
4(405 487 488 406)
4(487 569 570 488)
4(569 651 652 570)
4(651 733 734 652)
4(733 815 816 734)
4(815 859 860 816)
4(859 903 904 860)
4(903 947 948 904)
4(947 991 992 948)
4(991 1035 1036 992)
4(1035 1079 1080 1036)
4(1079 1123 1124 1080)
4(1123 1167 1168 1124)
4(1167 1211 1212 1168)
4(1211 1255 1256 1212)
4(1255 1299 1300 1256)
4(1299 1381 1382 1300)
4(1381 1463 1464 1382)
4(1463 1545 1546 1464)
4(1545 1627 1628 1546)
4(1627 1709 1710 1628)
4(1709 1791 1792 1710)
4(1791 1873 1874 1792)
4(1873 1955 1956 1874)
4(1955 2037 2038 1956)
4(2037 2119 2120 2038)
4(78 160 161 79)
4(160 242 243 161)
4(242 324 325 243)
4(324 406 407 325)
4(406 488 489 407)
4(488 570 571 489)
4(570 652 653 571)
4(652 734 735 653)
4(734 816 817 735)
4(816 860 861 817)
4(860 904 905 861)
4(904 948 949 905)
4(948 992 993 949)
4(992 1036 1037 993)
4(1036 1080 1081 1037)
4(1080 1124 1125 1081)
4(1124 1168 1169 1125)
4(1168 1212 1213 1169)
4(1212 1256 1257 1213)
4(1256 1300 1301 1257)
4(1300 1382 1383 1301)
4(1382 1464 1465 1383)
4(1464 1546 1547 1465)
4(1546 1628 1629 1547)
4(1628 1710 1711 1629)
4(1710 1792 1793 1711)
4(1792 1874 1875 1793)
4(1874 1956 1957 1875)
4(1956 2038 2039 1957)
4(2038 2120 2121 2039)
4(79 161 162 80)
4(161 243 244 162)
4(243 325 326 244)
4(325 407 408 326)
4(407 489 490 408)
4(489 571 572 490)
4(571 653 654 572)
4(653 735 736 654)
4(735 817 818 736)
4(817 861 862 818)
4(861 905 906 862)
4(905 949 950 906)
4(949 993 994 950)
4(993 1037 1038 994)
4(1037 1081 1082 1038)
4(1081 1125 1126 1082)
4(1125 1169 1170 1126)
4(1169 1213 1214 1170)
4(1213 1257 1258 1214)
4(1257 1301 1302 1258)
4(1301 1383 1384 1302)
4(1383 1465 1466 1384)
4(1465 1547 1548 1466)
4(1547 1629 1630 1548)
4(1629 1711 1712 1630)
4(1711 1793 1794 1712)
4(1793 1875 1876 1794)
4(1875 1957 1958 1876)
4(1957 2039 2040 1958)
4(2039 2121 2122 2040)
4(80 162 163 81)
4(162 244 245 163)
4(244 326 327 245)
4(326 408 409 327)
4(408 490 491 409)
4(490 572 573 491)
4(572 654 655 573)
4(654 736 737 655)
4(736 818 819 737)
4(818 862 863 819)
4(862 906 907 863)
4(906 950 951 907)
4(950 994 995 951)
4(994 1038 1039 995)
4(1038 1082 1083 1039)
4(1082 1126 1127 1083)
4(1126 1170 1171 1127)
4(1170 1214 1215 1171)
4(1214 1258 1259 1215)
4(1258 1302 1303 1259)
4(1302 1384 1385 1303)
4(1384 1466 1467 1385)
4(1466 1548 1549 1467)
4(1548 1630 1631 1549)
4(1630 1712 1713 1631)
4(1712 1794 1795 1713)
4(1794 1876 1877 1795)
4(1876 1958 1959 1877)
4(1958 2040 2041 1959)
4(2040 2122 2123 2041)
4(748 749 790 789)
4(749 750 791 790)
4(750 751 792 791)
4(751 752 793 792)
4(752 753 794 793)
4(753 754 795 794)
4(754 755 796 795)
4(755 756 797 796)
4(756 757 798 797)
4(757 758 799 798)
4(758 759 800 799)
4(759 760 801 800)
4(760 761 802 801)
4(761 762 803 802)
4(762 763 804 803)
4(763 764 805 804)
4(764 765 806 805)
4(765 766 807 806)
4(766 767 808 807)
4(767 768 809 808)
4(748 789 852 830)
4(768 831 853 809)
4(830 852 896 874)
4(831 875 897 853)
4(874 896 940 918)
4(875 919 941 897)
4(918 940 984 962)
4(919 963 985 941)
4(962 984 1028 1006)
4(963 1007 1029 985)
4(1006 1028 1072 1050)
4(1007 1051 1073 1029)
4(1050 1072 1116 1094)
4(1051 1095 1117 1073)
4(1094 1116 1160 1138)
4(1095 1139 1161 1117)
4(1138 1160 1204 1182)
4(1139 1183 1205 1161)
4(1182 1204 1248 1226)
4(1183 1227 1249 1205)
4(1226 1248 1292 1270)
4(1227 1271 1293 1249)
4(1270 1292 1355 1314)
4(1314 1355 1356 1315)
4(1315 1356 1357 1316)
4(1316 1357 1358 1317)
4(1317 1358 1359 1318)
4(1318 1359 1360 1319)
4(1319 1360 1361 1320)
4(1320 1361 1362 1321)
4(1321 1362 1363 1322)
4(1322 1363 1364 1323)
4(1323 1364 1365 1324)
4(1324 1365 1366 1325)
4(1325 1366 1367 1326)
4(1326 1367 1368 1327)
4(1327 1368 1369 1328)
4(1328 1369 1370 1329)
4(1329 1370 1371 1330)
4(1330 1371 1372 1331)
4(1331 1372 1373 1332)
4(1332 1373 1374 1333)
4(1271 1334 1375 1293)
4(1333 1374 1375 1334)
)


// ************************************************************************* //
