/*--------------------------------*- C++ -*----------------------------------*\
| =========                 |                                                 |
| \\      /  F ield         | OpenFOAM: The Open Source CFD Toolbox           |
|  \\    /   O peration     | Version:  2306                                  |
|   \\  /    A nd           | Website:  www.openfoam.com                      |
|    \\/     M anipulation  |                                                 |
\*---------------------------------------------------------------------------*/
FoamFile
{
    version     2.0;
    format      ascii;
    arch        "LSB;label=32;scalar=64";
    class       vectorField;
    location    "constant/polyMesh";
    object      points;
}
// * * * * * * * * * * * * * * * * * * * * * * * * * * * * * * * * * * * * * //


2124
(
(-0.2 -0.1 -0.18)
(-0.19 -0.1 -0.18)
(-0.18 -0.1 -0.18)
(-0.17 -0.1 -0.18)
(-0.16 -0.1 -0.18)
(-0.15 -0.1 -0.18)
(-0.14 -0.1 -0.18)
(-0.13 -0.1 -0.18)
(-0.12 -0.1 -0.18)
(-0.11 -0.1 -0.18)
(-0.1 -0.1 -0.18)
(-0.09 -0.1 -0.18)
(-0.08 -0.1 -0.18)
(-0.07 -0.1 -0.18)
(-0.06 -0.1 -0.18)
(-0.05 -0.1 -0.18)
(-0.04 -0.1 -0.18)
(-0.03 -0.1 -0.18)
(-0.02 -0.1 -0.18)
(-0.01 -0.1 -0.18)
(0 -0.1 -0.18)
(0.01 -0.1 -0.18)
(0.02 -0.1 -0.18)
(0.03 -0.1 -0.18)
(0.04 -0.1 -0.18)
(0.05 -0.1 -0.18)
(0.06 -0.1 -0.18)
(0.07 -0.1 -0.18)
(0.08 -0.1 -0.18)
(0.09 -0.1 -0.18)
(0.1 -0.1 -0.18)
(0.11 -0.1 -0.18)
(0.12 -0.1 -0.18)
(0.13 -0.1 -0.18)
(0.14 -0.1 -0.18)
(0.15 -0.1 -0.18)
(0.16 -0.1 -0.18)
(0.17 -0.1 -0.18)
(0.18 -0.1 -0.18)
(0.19 -0.1 -0.18)
(0.2 -0.1 -0.18)
(-0.2 0.1 -0.18)
(-0.19 0.1 -0.18)
(-0.18 0.1 -0.18)
(-0.17 0.1 -0.18)
(-0.16 0.1 -0.18)
(-0.15 0.1 -0.18)
(-0.14 0.1 -0.18)
(-0.13 0.1 -0.18)
(-0.12 0.1 -0.18)
(-0.11 0.1 -0.18)
(-0.1 0.1 -0.18)
(-0.09 0.1 -0.18)
(-0.08 0.1 -0.18)
(-0.07 0.1 -0.18)
(-0.06 0.1 -0.18)
(-0.05 0.1 -0.18)
(-0.04 0.1 -0.18)
(-0.03 0.1 -0.18)
(-0.02 0.1 -0.18)
(-0.01 0.1 -0.18)
(0 0.1 -0.18)
(0.01 0.1 -0.18)
(0.02 0.1 -0.18)
(0.03 0.1 -0.18)
(0.04 0.1 -0.18)
(0.05 0.1 -0.18)
(0.06 0.1 -0.18)
(0.07 0.1 -0.18)
(0.08 0.1 -0.18)
(0.09 0.1 -0.18)
(0.1 0.1 -0.18)
(0.11 0.1 -0.18)
(0.12 0.1 -0.18)
(0.13 0.1 -0.18)
(0.14 0.1 -0.18)
(0.15 0.1 -0.18)
(0.16 0.1 -0.18)
(0.17 0.1 -0.18)
(0.18 0.1 -0.18)
(0.19 0.1 -0.18)
(0.2 0.1 -0.18)
(-0.2 -0.1 -0.169)
(-0.19 -0.1 -0.169)
(-0.18 -0.1 -0.169)
(-0.17 -0.1 -0.169)
(-0.16 -0.1 -0.169)
(-0.15 -0.1 -0.169)
(-0.14 -0.1 -0.169)
(-0.13 -0.1 -0.169)
(-0.12 -0.1 -0.169)
(-0.11 -0.1 -0.169)
(-0.1 -0.1 -0.169)
(-0.09 -0.1 -0.169)
(-0.08 -0.1 -0.169)
(-0.07 -0.1 -0.169)
(-0.06 -0.1 -0.169)
(-0.05 -0.1 -0.169)
(-0.04 -0.1 -0.169)
(-0.03 -0.1 -0.169)
(-0.02 -0.1 -0.169)
(-0.01 -0.1 -0.169)
(0 -0.1 -0.169)
(0.01 -0.1 -0.169)
(0.02 -0.1 -0.169)
(0.03 -0.1 -0.169)
(0.04 -0.1 -0.169)
(0.05 -0.1 -0.169)
(0.06 -0.1 -0.169)
(0.07 -0.1 -0.169)
(0.08 -0.1 -0.169)
(0.09 -0.1 -0.169)
(0.1 -0.1 -0.169)
(0.11 -0.1 -0.169)
(0.12 -0.1 -0.169)
(0.13 -0.1 -0.169)
(0.14 -0.1 -0.169)
(0.15 -0.1 -0.169)
(0.16 -0.1 -0.169)
(0.17 -0.1 -0.169)
(0.18 -0.1 -0.169)
(0.19 -0.1 -0.169)
(0.2 -0.1 -0.169)
(-0.2 0.1 -0.169)
(-0.19 0.1 -0.169)
(-0.18 0.1 -0.169)
(-0.17 0.1 -0.169)
(-0.16 0.1 -0.169)
(-0.15 0.1 -0.169)
(-0.14 0.1 -0.169)
(-0.13 0.1 -0.169)
(-0.12 0.1 -0.169)
(-0.11 0.1 -0.169)
(-0.1 0.1 -0.169)
(-0.09 0.1 -0.169)
(-0.08 0.1 -0.169)
(-0.07 0.1 -0.169)
(-0.06 0.1 -0.169)
(-0.05 0.1 -0.169)
(-0.04 0.1 -0.169)
(-0.03 0.1 -0.169)
(-0.02 0.1 -0.169)
(-0.01 0.1 -0.169)
(0 0.1 -0.169)
(0.01 0.1 -0.169)
(0.02 0.1 -0.169)
(0.03 0.1 -0.169)
(0.04 0.1 -0.169)
(0.05 0.1 -0.169)
(0.06 0.1 -0.169)
(0.07 0.1 -0.169)
(0.08 0.1 -0.169)
(0.09 0.1 -0.169)
(0.1 0.1 -0.169)
(0.11 0.1 -0.169)
(0.12 0.1 -0.169)
(0.13 0.1 -0.169)
(0.14 0.1 -0.169)
(0.15 0.1 -0.169)
(0.16 0.1 -0.169)
(0.17 0.1 -0.169)
(0.18 0.1 -0.169)
(0.19 0.1 -0.169)
(0.2 0.1 -0.169)
(-0.2 -0.1 -0.158)
(-0.19 -0.1 -0.158)
(-0.18 -0.1 -0.158)
(-0.17 -0.1 -0.158)
(-0.16 -0.1 -0.158)
(-0.15 -0.1 -0.158)
(-0.14 -0.1 -0.158)
(-0.13 -0.1 -0.158)
(-0.12 -0.1 -0.158)
(-0.11 -0.1 -0.158)
(-0.1 -0.1 -0.158)
(-0.09 -0.1 -0.158)
(-0.08 -0.1 -0.158)
(-0.07 -0.1 -0.158)
(-0.06 -0.1 -0.158)
(-0.05 -0.1 -0.158)
(-0.04 -0.1 -0.158)
(-0.03 -0.1 -0.158)
(-0.02 -0.1 -0.158)
(-0.01 -0.1 -0.158)
(0 -0.1 -0.158)
(0.01 -0.1 -0.158)
(0.02 -0.1 -0.158)
(0.03 -0.1 -0.158)
(0.04 -0.1 -0.158)
(0.05 -0.1 -0.158)
(0.06 -0.1 -0.158)
(0.07 -0.1 -0.158)
(0.08 -0.1 -0.158)
(0.09 -0.1 -0.158)
(0.1 -0.1 -0.158)
(0.11 -0.1 -0.158)
(0.12 -0.1 -0.158)
(0.13 -0.1 -0.158)
(0.14 -0.1 -0.158)
(0.15 -0.1 -0.158)
(0.16 -0.1 -0.158)
(0.17 -0.1 -0.158)
(0.18 -0.1 -0.158)
(0.19 -0.1 -0.158)
(0.2 -0.1 -0.158)
(-0.2 0.1 -0.158)
(-0.19 0.1 -0.158)
(-0.18 0.1 -0.158)
(-0.17 0.1 -0.158)
(-0.16 0.1 -0.158)
(-0.15 0.1 -0.158)
(-0.14 0.1 -0.158)
(-0.13 0.1 -0.158)
(-0.12 0.1 -0.158)
(-0.11 0.1 -0.158)
(-0.1 0.1 -0.158)
(-0.09 0.1 -0.158)
(-0.08 0.1 -0.158)
(-0.07 0.1 -0.158)
(-0.06 0.1 -0.158)
(-0.05 0.1 -0.158)
(-0.04 0.1 -0.158)
(-0.03 0.1 -0.158)
(-0.02 0.1 -0.158)
(-0.01 0.1 -0.158)
(0 0.1 -0.158)
(0.01 0.1 -0.158)
(0.02 0.1 -0.158)
(0.03 0.1 -0.158)
(0.04 0.1 -0.158)
(0.05 0.1 -0.158)
(0.06 0.1 -0.158)
(0.07 0.1 -0.158)
(0.08 0.1 -0.158)
(0.09 0.1 -0.158)
(0.1 0.1 -0.158)
(0.11 0.1 -0.158)
(0.12 0.1 -0.158)
(0.13 0.1 -0.158)
(0.14 0.1 -0.158)
(0.15 0.1 -0.158)
(0.16 0.1 -0.158)
(0.17 0.1 -0.158)
(0.18 0.1 -0.158)
(0.19 0.1 -0.158)
(0.2 0.1 -0.158)
(-0.2 -0.1 -0.147)
(-0.19 -0.1 -0.147)
(-0.18 -0.1 -0.147)
(-0.17 -0.1 -0.147)
(-0.16 -0.1 -0.147)
(-0.15 -0.1 -0.147)
(-0.14 -0.1 -0.147)
(-0.13 -0.1 -0.147)
(-0.12 -0.1 -0.147)
(-0.11 -0.1 -0.147)
(-0.1 -0.1 -0.147)
(-0.09 -0.1 -0.147)
(-0.08 -0.1 -0.147)
(-0.07 -0.1 -0.147)
(-0.06 -0.1 -0.147)
(-0.05 -0.1 -0.147)
(-0.04 -0.1 -0.147)
(-0.03 -0.1 -0.147)
(-0.02 -0.1 -0.147)
(-0.01 -0.1 -0.147)
(0 -0.1 -0.147)
(0.01 -0.1 -0.147)
(0.02 -0.1 -0.147)
(0.03 -0.1 -0.147)
(0.04 -0.1 -0.147)
(0.05 -0.1 -0.147)
(0.06 -0.1 -0.147)
(0.07 -0.1 -0.147)
(0.08 -0.1 -0.147)
(0.09 -0.1 -0.147)
(0.1 -0.1 -0.147)
(0.11 -0.1 -0.147)
(0.12 -0.1 -0.147)
(0.13 -0.1 -0.147)
(0.14 -0.1 -0.147)
(0.15 -0.1 -0.147)
(0.16 -0.1 -0.147)
(0.17 -0.1 -0.147)
(0.18 -0.1 -0.147)
(0.19 -0.1 -0.147)
(0.2 -0.1 -0.147)
(-0.2 0.1 -0.147)
(-0.19 0.1 -0.147)
(-0.18 0.1 -0.147)
(-0.17 0.1 -0.147)
(-0.16 0.1 -0.147)
(-0.15 0.1 -0.147)
(-0.14 0.1 -0.147)
(-0.13 0.1 -0.147)
(-0.12 0.1 -0.147)
(-0.11 0.1 -0.147)
(-0.1 0.1 -0.147)
(-0.09 0.1 -0.147)
(-0.08 0.1 -0.147)
(-0.07 0.1 -0.147)
(-0.06 0.1 -0.147)
(-0.05 0.1 -0.147)
(-0.04 0.1 -0.147)
(-0.03 0.1 -0.147)
(-0.02 0.1 -0.147)
(-0.01 0.1 -0.147)
(0 0.1 -0.147)
(0.01 0.1 -0.147)
(0.02 0.1 -0.147)
(0.03 0.1 -0.147)
(0.04 0.1 -0.147)
(0.05 0.1 -0.147)
(0.06 0.1 -0.147)
(0.07 0.1 -0.147)
(0.08 0.1 -0.147)
(0.09 0.1 -0.147)
(0.1 0.1 -0.147)
(0.11 0.1 -0.147)
(0.12 0.1 -0.147)
(0.13 0.1 -0.147)
(0.14 0.1 -0.147)
(0.15 0.1 -0.147)
(0.16 0.1 -0.147)
(0.17 0.1 -0.147)
(0.18 0.1 -0.147)
(0.19 0.1 -0.147)
(0.2 0.1 -0.147)
(-0.2 -0.1 -0.136)
(-0.19 -0.1 -0.136)
(-0.18 -0.1 -0.136)
(-0.17 -0.1 -0.136)
(-0.16 -0.1 -0.136)
(-0.15 -0.1 -0.136)
(-0.14 -0.1 -0.136)
(-0.13 -0.1 -0.136)
(-0.12 -0.1 -0.136)
(-0.11 -0.1 -0.136)
(-0.1 -0.1 -0.136)
(-0.09 -0.1 -0.136)
(-0.08 -0.1 -0.136)
(-0.07 -0.1 -0.136)
(-0.06 -0.1 -0.136)
(-0.05 -0.1 -0.136)
(-0.04 -0.1 -0.136)
(-0.03 -0.1 -0.136)
(-0.02 -0.1 -0.136)
(-0.01 -0.1 -0.136)
(0 -0.1 -0.136)
(0.01 -0.1 -0.136)
(0.02 -0.1 -0.136)
(0.03 -0.1 -0.136)
(0.04 -0.1 -0.136)
(0.05 -0.1 -0.136)
(0.06 -0.1 -0.136)
(0.07 -0.1 -0.136)
(0.08 -0.1 -0.136)
(0.09 -0.1 -0.136)
(0.1 -0.1 -0.136)
(0.11 -0.1 -0.136)
(0.12 -0.1 -0.136)
(0.13 -0.1 -0.136)
(0.14 -0.1 -0.136)
(0.15 -0.1 -0.136)
(0.16 -0.1 -0.136)
(0.17 -0.1 -0.136)
(0.18 -0.1 -0.136)
(0.19 -0.1 -0.136)
(0.2 -0.1 -0.136)
(-0.2 0.1 -0.136)
(-0.19 0.1 -0.136)
(-0.18 0.1 -0.136)
(-0.17 0.1 -0.136)
(-0.16 0.1 -0.136)
(-0.15 0.1 -0.136)
(-0.14 0.1 -0.136)
(-0.13 0.1 -0.136)
(-0.12 0.1 -0.136)
(-0.11 0.1 -0.136)
(-0.1 0.1 -0.136)
(-0.09 0.1 -0.136)
(-0.08 0.1 -0.136)
(-0.07 0.1 -0.136)
(-0.06 0.1 -0.136)
(-0.05 0.1 -0.136)
(-0.04 0.1 -0.136)
(-0.03 0.1 -0.136)
(-0.02 0.1 -0.136)
(-0.01 0.1 -0.136)
(0 0.1 -0.136)
(0.01 0.1 -0.136)
(0.02 0.1 -0.136)
(0.03 0.1 -0.136)
(0.04 0.1 -0.136)
(0.05 0.1 -0.136)
(0.06 0.1 -0.136)
(0.07 0.1 -0.136)
(0.08 0.1 -0.136)
(0.09 0.1 -0.136)
(0.1 0.1 -0.136)
(0.11 0.1 -0.136)
(0.12 0.1 -0.136)
(0.13 0.1 -0.136)
(0.14 0.1 -0.136)
(0.15 0.1 -0.136)
(0.16 0.1 -0.136)
(0.17 0.1 -0.136)
(0.18 0.1 -0.136)
(0.19 0.1 -0.136)
(0.2 0.1 -0.136)
(-0.2 -0.1 -0.125)
(-0.19 -0.1 -0.125)
(-0.18 -0.1 -0.125)
(-0.17 -0.1 -0.125)
(-0.16 -0.1 -0.125)
(-0.15 -0.1 -0.125)
(-0.14 -0.1 -0.125)
(-0.13 -0.1 -0.125)
(-0.12 -0.1 -0.125)
(-0.11 -0.1 -0.125)
(-0.1 -0.1 -0.125)
(-0.09 -0.1 -0.125)
(-0.08 -0.1 -0.125)
(-0.07 -0.1 -0.125)
(-0.06 -0.1 -0.125)
(-0.05 -0.1 -0.125)
(-0.04 -0.1 -0.125)
(-0.03 -0.1 -0.125)
(-0.02 -0.1 -0.125)
(-0.01 -0.1 -0.125)
(0 -0.1 -0.125)
(0.01 -0.1 -0.125)
(0.02 -0.1 -0.125)
(0.03 -0.1 -0.125)
(0.04 -0.1 -0.125)
(0.05 -0.1 -0.125)
(0.06 -0.1 -0.125)
(0.07 -0.1 -0.125)
(0.08 -0.1 -0.125)
(0.09 -0.1 -0.125)
(0.1 -0.1 -0.125)
(0.11 -0.1 -0.125)
(0.12 -0.1 -0.125)
(0.13 -0.1 -0.125)
(0.14 -0.1 -0.125)
(0.15 -0.1 -0.125)
(0.16 -0.1 -0.125)
(0.17 -0.1 -0.125)
(0.18 -0.1 -0.125)
(0.19 -0.1 -0.125)
(0.2 -0.1 -0.125)
(-0.2 0.1 -0.125)
(-0.19 0.1 -0.125)
(-0.18 0.1 -0.125)
(-0.17 0.1 -0.125)
(-0.16 0.1 -0.125)
(-0.15 0.1 -0.125)
(-0.14 0.1 -0.125)
(-0.13 0.1 -0.125)
(-0.12 0.1 -0.125)
(-0.11 0.1 -0.125)
(-0.1 0.1 -0.125)
(-0.09 0.1 -0.125)
(-0.08 0.1 -0.125)
(-0.07 0.1 -0.125)
(-0.06 0.1 -0.125)
(-0.05 0.1 -0.125)
(-0.04 0.1 -0.125)
(-0.03 0.1 -0.125)
(-0.02 0.1 -0.125)
(-0.01 0.1 -0.125)
(0 0.1 -0.125)
(0.01 0.1 -0.125)
(0.02 0.1 -0.125)
(0.03 0.1 -0.125)
(0.04 0.1 -0.125)
(0.05 0.1 -0.125)
(0.06 0.1 -0.125)
(0.07 0.1 -0.125)
(0.08 0.1 -0.125)
(0.09 0.1 -0.125)
(0.1 0.1 -0.125)
(0.11 0.1 -0.125)
(0.12 0.1 -0.125)
(0.13 0.1 -0.125)
(0.14 0.1 -0.125)
(0.15 0.1 -0.125)
(0.16 0.1 -0.125)
(0.17 0.1 -0.125)
(0.18 0.1 -0.125)
(0.19 0.1 -0.125)
(0.2 0.1 -0.125)
(-0.2 -0.1 -0.114)
(-0.19 -0.1 -0.114)
(-0.18 -0.1 -0.114)
(-0.17 -0.1 -0.114)
(-0.16 -0.1 -0.114)
(-0.15 -0.1 -0.114)
(-0.14 -0.1 -0.114)
(-0.13 -0.1 -0.114)
(-0.12 -0.1 -0.114)
(-0.11 -0.1 -0.114)
(-0.1 -0.1 -0.114)
(-0.09 -0.1 -0.114)
(-0.08 -0.1 -0.114)
(-0.07 -0.1 -0.114)
(-0.06 -0.1 -0.114)
(-0.05 -0.1 -0.114)
(-0.04 -0.1 -0.114)
(-0.03 -0.1 -0.114)
(-0.02 -0.1 -0.114)
(-0.01 -0.1 -0.114)
(0 -0.1 -0.114)
(0.01 -0.1 -0.114)
(0.02 -0.1 -0.114)
(0.03 -0.1 -0.114)
(0.04 -0.1 -0.114)
(0.05 -0.1 -0.114)
(0.06 -0.1 -0.114)
(0.07 -0.1 -0.114)
(0.08 -0.1 -0.114)
(0.09 -0.1 -0.114)
(0.1 -0.1 -0.114)
(0.11 -0.1 -0.114)
(0.12 -0.1 -0.114)
(0.13 -0.1 -0.114)
(0.14 -0.1 -0.114)
(0.15 -0.1 -0.114)
(0.16 -0.1 -0.114)
(0.17 -0.1 -0.114)
(0.18 -0.1 -0.114)
(0.19 -0.1 -0.114)
(0.2 -0.1 -0.114)
(-0.2 0.1 -0.114)
(-0.19 0.1 -0.114)
(-0.18 0.1 -0.114)
(-0.17 0.1 -0.114)
(-0.16 0.1 -0.114)
(-0.15 0.1 -0.114)
(-0.14 0.1 -0.114)
(-0.13 0.1 -0.114)
(-0.12 0.1 -0.114)
(-0.11 0.1 -0.114)
(-0.1 0.1 -0.114)
(-0.09 0.1 -0.114)
(-0.08 0.1 -0.114)
(-0.07 0.1 -0.114)
(-0.06 0.1 -0.114)
(-0.05 0.1 -0.114)
(-0.04 0.1 -0.114)
(-0.03 0.1 -0.114)
(-0.02 0.1 -0.114)
(-0.01 0.1 -0.114)
(0 0.1 -0.114)
(0.01 0.1 -0.114)
(0.02 0.1 -0.114)
(0.03 0.1 -0.114)
(0.04 0.1 -0.114)
(0.05 0.1 -0.114)
(0.06 0.1 -0.114)
(0.07 0.1 -0.114)
(0.08 0.1 -0.114)
(0.09 0.1 -0.114)
(0.1 0.1 -0.114)
(0.11 0.1 -0.114)
(0.12 0.1 -0.114)
(0.13 0.1 -0.114)
(0.14 0.1 -0.114)
(0.15 0.1 -0.114)
(0.16 0.1 -0.114)
(0.17 0.1 -0.114)
(0.18 0.1 -0.114)
(0.19 0.1 -0.114)
(0.2 0.1 -0.114)
(-0.2 -0.1 -0.103)
(-0.19 -0.1 -0.103)
(-0.18 -0.1 -0.103)
(-0.17 -0.1 -0.103)
(-0.16 -0.1 -0.103)
(-0.15 -0.1 -0.103)
(-0.14 -0.1 -0.103)
(-0.13 -0.1 -0.103)
(-0.12 -0.1 -0.103)
(-0.11 -0.1 -0.103)
(-0.1 -0.1 -0.103)
(-0.09 -0.1 -0.103)
(-0.08 -0.1 -0.103)
(-0.07 -0.1 -0.103)
(-0.06 -0.1 -0.103)
(-0.05 -0.1 -0.103)
(-0.04 -0.1 -0.103)
(-0.03 -0.1 -0.103)
(-0.02 -0.1 -0.103)
(-0.01 -0.1 -0.103)
(0 -0.1 -0.103)
(0.01 -0.1 -0.103)
(0.02 -0.1 -0.103)
(0.03 -0.1 -0.103)
(0.04 -0.1 -0.103)
(0.05 -0.1 -0.103)
(0.06 -0.1 -0.103)
(0.07 -0.1 -0.103)
(0.08 -0.1 -0.103)
(0.09 -0.1 -0.103)
(0.1 -0.1 -0.103)
(0.11 -0.1 -0.103)
(0.12 -0.1 -0.103)
(0.13 -0.1 -0.103)
(0.14 -0.1 -0.103)
(0.15 -0.1 -0.103)
(0.16 -0.1 -0.103)
(0.17 -0.1 -0.103)
(0.18 -0.1 -0.103)
(0.19 -0.1 -0.103)
(0.2 -0.1 -0.103)
(-0.2 0.1 -0.103)
(-0.19 0.1 -0.103)
(-0.18 0.1 -0.103)
(-0.17 0.1 -0.103)
(-0.16 0.1 -0.103)
(-0.15 0.1 -0.103)
(-0.14 0.1 -0.103)
(-0.13 0.1 -0.103)
(-0.12 0.1 -0.103)
(-0.11 0.1 -0.103)
(-0.1 0.1 -0.103)
(-0.09 0.1 -0.103)
(-0.08 0.1 -0.103)
(-0.07 0.1 -0.103)
(-0.06 0.1 -0.103)
(-0.05 0.1 -0.103)
(-0.04 0.1 -0.103)
(-0.03 0.1 -0.103)
(-0.02 0.1 -0.103)
(-0.01 0.1 -0.103)
(0 0.1 -0.103)
(0.01 0.1 -0.103)
(0.02 0.1 -0.103)
(0.03 0.1 -0.103)
(0.04 0.1 -0.103)
(0.05 0.1 -0.103)
(0.06 0.1 -0.103)
(0.07 0.1 -0.103)
(0.08 0.1 -0.103)
(0.09 0.1 -0.103)
(0.1 0.1 -0.103)
(0.11 0.1 -0.103)
(0.12 0.1 -0.103)
(0.13 0.1 -0.103)
(0.14 0.1 -0.103)
(0.15 0.1 -0.103)
(0.16 0.1 -0.103)
(0.17 0.1 -0.103)
(0.18 0.1 -0.103)
(0.19 0.1 -0.103)
(0.2 0.1 -0.103)
(-0.2 -0.1 -0.092)
(-0.19 -0.1 -0.092)
(-0.18 -0.1 -0.092)
(-0.17 -0.1 -0.092)
(-0.16 -0.1 -0.092)
(-0.15 -0.1 -0.092)
(-0.14 -0.1 -0.092)
(-0.13 -0.1 -0.092)
(-0.12 -0.1 -0.092)
(-0.11 -0.1 -0.092)
(-0.1 -0.1 -0.092)
(-0.09 -0.1 -0.092)
(-0.08 -0.1 -0.092)
(-0.07 -0.1 -0.092)
(-0.06 -0.1 -0.092)
(-0.05 -0.1 -0.092)
(-0.04 -0.1 -0.092)
(-0.03 -0.1 -0.092)
(-0.02 -0.1 -0.092)
(-0.01 -0.1 -0.092)
(0 -0.1 -0.092)
(0.01 -0.1 -0.092)
(0.02 -0.1 -0.092)
(0.03 -0.1 -0.092)
(0.04 -0.1 -0.092)
(0.05 -0.1 -0.092)
(0.06 -0.1 -0.092)
(0.07 -0.1 -0.092)
(0.08 -0.1 -0.092)
(0.09 -0.1 -0.092)
(0.1 -0.1 -0.092)
(0.11 -0.1 -0.092)
(0.12 -0.1 -0.092)
(0.13 -0.1 -0.092)
(0.14 -0.1 -0.092)
(0.15 -0.1 -0.092)
(0.16 -0.1 -0.092)
(0.17 -0.1 -0.092)
(0.18 -0.1 -0.092)
(0.19 -0.1 -0.092)
(0.2 -0.1 -0.092)
(-0.2 0.1 -0.092)
(-0.19 0.1 -0.092)
(-0.18 0.1 -0.092)
(-0.17 0.1 -0.092)
(-0.16 0.1 -0.092)
(-0.15 0.1 -0.092)
(-0.14 0.1 -0.092)
(-0.13 0.1 -0.092)
(-0.12 0.1 -0.092)
(-0.11 0.1 -0.092)
(-0.1 0.1 -0.092)
(-0.09 0.1 -0.092)
(-0.08 0.1 -0.092)
(-0.07 0.1 -0.092)
(-0.06 0.1 -0.092)
(-0.05 0.1 -0.092)
(-0.04 0.1 -0.092)
(-0.03 0.1 -0.092)
(-0.02 0.1 -0.092)
(-0.01 0.1 -0.092)
(0 0.1 -0.092)
(0.01 0.1 -0.092)
(0.02 0.1 -0.092)
(0.03 0.1 -0.092)
(0.04 0.1 -0.092)
(0.05 0.1 -0.092)
(0.06 0.1 -0.092)
(0.07 0.1 -0.092)
(0.08 0.1 -0.092)
(0.09 0.1 -0.092)
(0.1 0.1 -0.092)
(0.11 0.1 -0.092)
(0.12 0.1 -0.092)
(0.13 0.1 -0.092)
(0.14 0.1 -0.092)
(0.15 0.1 -0.092)
(0.16 0.1 -0.092)
(0.17 0.1 -0.092)
(0.18 0.1 -0.092)
(0.19 0.1 -0.092)
(0.2 0.1 -0.092)
(-0.2 -0.1 -0.081)
(-0.19 -0.1 -0.081)
(-0.18 -0.1 -0.081)
(-0.17 -0.1 -0.081)
(-0.16 -0.1 -0.081)
(-0.15 -0.1 -0.081)
(-0.14 -0.1 -0.081)
(-0.13 -0.1 -0.081)
(-0.12 -0.1 -0.081)
(-0.11 -0.1 -0.081)
(-0.1 -0.1 -0.081)
(-0.09 -0.1 -0.081)
(-0.08 -0.1 -0.081)
(-0.07 -0.1 -0.081)
(-0.06 -0.1 -0.081)
(-0.05 -0.1 -0.081)
(-0.04 -0.1 -0.081)
(-0.03 -0.1 -0.081)
(-0.02 -0.1 -0.081)
(-0.01 -0.1 -0.081)
(0 -0.1 -0.081)
(0.01 -0.1 -0.081)
(0.02 -0.1 -0.081)
(0.03 -0.1 -0.081)
(0.04 -0.1 -0.081)
(0.05 -0.1 -0.081)
(0.06 -0.1 -0.081)
(0.07 -0.1 -0.081)
(0.08 -0.1 -0.081)
(0.09 -0.1 -0.081)
(0.1 -0.1 -0.081)
(0.11 -0.1 -0.081)
(0.12 -0.1 -0.081)
(0.13 -0.1 -0.081)
(0.14 -0.1 -0.081)
(0.15 -0.1 -0.081)
(0.16 -0.1 -0.081)
(0.17 -0.1 -0.081)
(0.18 -0.1 -0.081)
(0.19 -0.1 -0.081)
(0.2 -0.1 -0.081)
(-0.2 0.1 -0.081)
(-0.19 0.1 -0.081)
(-0.18 0.1 -0.081)
(-0.17 0.1 -0.081)
(-0.16 0.1 -0.081)
(-0.15 0.1 -0.081)
(-0.14 0.1 -0.081)
(-0.13 0.1 -0.081)
(-0.12 0.1 -0.081)
(-0.11 0.1 -0.081)
(-0.1 0.1 -0.081)
(-0.09 0.1 -0.081)
(-0.08 0.1 -0.081)
(-0.07 0.1 -0.081)
(-0.06 0.1 -0.081)
(-0.05 0.1 -0.081)
(-0.04 0.1 -0.081)
(-0.03 0.1 -0.081)
(-0.02 0.1 -0.081)
(-0.01 0.1 -0.081)
(0 0.1 -0.081)
(0.01 0.1 -0.081)
(0.02 0.1 -0.081)
(0.03 0.1 -0.081)
(0.04 0.1 -0.081)
(0.05 0.1 -0.081)
(0.06 0.1 -0.081)
(0.07 0.1 -0.081)
(0.08 0.1 -0.081)
(0.09 0.1 -0.081)
(0.1 0.1 -0.081)
(0.11 0.1 -0.081)
(0.12 0.1 -0.081)
(0.13 0.1 -0.081)
(0.14 0.1 -0.081)
(0.15 0.1 -0.081)
(0.16 0.1 -0.081)
(0.17 0.1 -0.081)
(0.18 0.1 -0.081)
(0.19 0.1 -0.081)
(0.2 0.1 -0.081)
(-0.2 -0.1 -0.07)
(-0.19 -0.1 -0.07)
(-0.18 -0.1 -0.07)
(-0.17 -0.1 -0.07)
(-0.16 -0.1 -0.07)
(-0.15 -0.1 -0.07)
(-0.14 -0.1 -0.07)
(-0.13 -0.1 -0.07)
(-0.12 -0.1 -0.07)
(-0.11 -0.1 -0.07)
(-0.1 -0.1 -0.07)
(0.1 -0.1 -0.07)
(0.11 -0.1 -0.07)
(0.12 -0.1 -0.07)
(0.13 -0.1 -0.07)
(0.14 -0.1 -0.07)
(0.15 -0.1 -0.07)
(0.16 -0.1 -0.07)
(0.17 -0.1 -0.07)
(0.18 -0.1 -0.07)
(0.19 -0.1 -0.07)
(0.2 -0.1 -0.07)
(-0.2 0.1 -0.07)
(-0.19 0.1 -0.07)
(-0.18 0.1 -0.07)
(-0.17 0.1 -0.07)
(-0.16 0.1 -0.07)
(-0.15 0.1 -0.07)
(-0.14 0.1 -0.07)
(-0.13 0.1 -0.07)
(-0.12 0.1 -0.07)
(-0.11 0.1 -0.07)
(-0.1 0.1 -0.07)
(0.1 0.1 -0.07)
(0.11 0.1 -0.07)
(0.12 0.1 -0.07)
(0.13 0.1 -0.07)
(0.14 0.1 -0.07)
(0.15 0.1 -0.07)
(0.16 0.1 -0.07)
(0.17 0.1 -0.07)
(0.18 0.1 -0.07)
(0.19 0.1 -0.07)
(0.2 0.1 -0.07)
(-0.2 -0.1 -0.059)
(-0.19 -0.1 -0.059)
(-0.18 -0.1 -0.059)
(-0.17 -0.1 -0.059)
(-0.16 -0.1 -0.059)
(-0.15 -0.1 -0.059)
(-0.14 -0.1 -0.059)
(-0.13 -0.1 -0.059)
(-0.12 -0.1 -0.059)
(-0.11 -0.1 -0.059)
(-0.1 -0.1 -0.059)
(0.1 -0.1 -0.059)
(0.11 -0.1 -0.059)
(0.12 -0.1 -0.059)
(0.13 -0.1 -0.059)
(0.14 -0.1 -0.059)
(0.15 -0.1 -0.059)
(0.16 -0.1 -0.059)
(0.17 -0.1 -0.059)
(0.18 -0.1 -0.059)
(0.19 -0.1 -0.059)
(0.2 -0.1 -0.059)
(-0.2 0.1 -0.059)
(-0.19 0.1 -0.059)
(-0.18 0.1 -0.059)
(-0.17 0.1 -0.059)
(-0.16 0.1 -0.059)
(-0.15 0.1 -0.059)
(-0.14 0.1 -0.059)
(-0.13 0.1 -0.059)
(-0.12 0.1 -0.059)
(-0.11 0.1 -0.059)
(-0.1 0.1 -0.059)
(0.1 0.1 -0.059)
(0.11 0.1 -0.059)
(0.12 0.1 -0.059)
(0.13 0.1 -0.059)
(0.14 0.1 -0.059)
(0.15 0.1 -0.059)
(0.16 0.1 -0.059)
(0.17 0.1 -0.059)
(0.18 0.1 -0.059)
(0.19 0.1 -0.059)
(0.2 0.1 -0.059)
(-0.2 -0.1 -0.048)
(-0.19 -0.1 -0.048)
(-0.18 -0.1 -0.048)
(-0.17 -0.1 -0.048)
(-0.16 -0.1 -0.048)
(-0.15 -0.1 -0.048)
(-0.14 -0.1 -0.048)
(-0.13 -0.1 -0.048)
(-0.12 -0.1 -0.048)
(-0.11 -0.1 -0.048)
(-0.1 -0.1 -0.048)
(0.1 -0.1 -0.048)
(0.11 -0.1 -0.048)
(0.12 -0.1 -0.048)
(0.13 -0.1 -0.048)
(0.14 -0.1 -0.048)
(0.15 -0.1 -0.048)
(0.16 -0.1 -0.048)
(0.17 -0.1 -0.048)
(0.18 -0.1 -0.048)
(0.19 -0.1 -0.048)
(0.2 -0.1 -0.048)
(-0.2 0.1 -0.048)
(-0.19 0.1 -0.048)
(-0.18 0.1 -0.048)
(-0.17 0.1 -0.048)
(-0.16 0.1 -0.048)
(-0.15 0.1 -0.048)
(-0.14 0.1 -0.048)
(-0.13 0.1 -0.048)
(-0.12 0.1 -0.048)
(-0.11 0.1 -0.048)
(-0.1 0.1 -0.048)
(0.1 0.1 -0.048)
(0.11 0.1 -0.048)
(0.12 0.1 -0.048)
(0.13 0.1 -0.048)
(0.14 0.1 -0.048)
(0.15 0.1 -0.048)
(0.16 0.1 -0.048)
(0.17 0.1 -0.048)
(0.18 0.1 -0.048)
(0.19 0.1 -0.048)
(0.2 0.1 -0.048)
(-0.2 -0.1 -0.037)
(-0.19 -0.1 -0.037)
(-0.18 -0.1 -0.037)
(-0.17 -0.1 -0.037)
(-0.16 -0.1 -0.037)
(-0.15 -0.1 -0.037)
(-0.14 -0.1 -0.037)
(-0.13 -0.1 -0.037)
(-0.12 -0.1 -0.037)
(-0.11 -0.1 -0.037)
(-0.1 -0.1 -0.037)
(0.1 -0.1 -0.037)
(0.11 -0.1 -0.037)
(0.12 -0.1 -0.037)
(0.13 -0.1 -0.037)
(0.14 -0.1 -0.037)
(0.15 -0.1 -0.037)
(0.16 -0.1 -0.037)
(0.17 -0.1 -0.037)
(0.18 -0.1 -0.037)
(0.19 -0.1 -0.037)
(0.2 -0.1 -0.037)
(-0.2 0.1 -0.037)
(-0.19 0.1 -0.037)
(-0.18 0.1 -0.037)
(-0.17 0.1 -0.037)
(-0.16 0.1 -0.037)
(-0.15 0.1 -0.037)
(-0.14 0.1 -0.037)
(-0.13 0.1 -0.037)
(-0.12 0.1 -0.037)
(-0.11 0.1 -0.037)
(-0.1 0.1 -0.037)
(0.1 0.1 -0.037)
(0.11 0.1 -0.037)
(0.12 0.1 -0.037)
(0.13 0.1 -0.037)
(0.14 0.1 -0.037)
(0.15 0.1 -0.037)
(0.16 0.1 -0.037)
(0.17 0.1 -0.037)
(0.18 0.1 -0.037)
(0.19 0.1 -0.037)
(0.2 0.1 -0.037)
(-0.2 -0.1 -0.026)
(-0.19 -0.1 -0.026)
(-0.18 -0.1 -0.026)
(-0.17 -0.1 -0.026)
(-0.16 -0.1 -0.026)
(-0.15 -0.1 -0.026)
(-0.14 -0.1 -0.026)
(-0.13 -0.1 -0.026)
(-0.12 -0.1 -0.026)
(-0.11 -0.1 -0.026)
(-0.1 -0.1 -0.026)
(0.1 -0.1 -0.026)
(0.11 -0.1 -0.026)
(0.12 -0.1 -0.026)
(0.13 -0.1 -0.026)
(0.14 -0.1 -0.026)
(0.15 -0.1 -0.026)
(0.16 -0.1 -0.026)
(0.17 -0.1 -0.026)
(0.18 -0.1 -0.026)
(0.19 -0.1 -0.026)
(0.2 -0.1 -0.026)
(-0.2 0.1 -0.026)
(-0.19 0.1 -0.026)
(-0.18 0.1 -0.026)
(-0.17 0.1 -0.026)
(-0.16 0.1 -0.026)
(-0.15 0.1 -0.026)
(-0.14 0.1 -0.026)
(-0.13 0.1 -0.026)
(-0.12 0.1 -0.026)
(-0.11 0.1 -0.026)
(-0.1 0.1 -0.026)
(0.1 0.1 -0.026)
(0.11 0.1 -0.026)
(0.12 0.1 -0.026)
(0.13 0.1 -0.026)
(0.14 0.1 -0.026)
(0.15 0.1 -0.026)
(0.16 0.1 -0.026)
(0.17 0.1 -0.026)
(0.18 0.1 -0.026)
(0.19 0.1 -0.026)
(0.2 0.1 -0.026)
(-0.2 -0.1 -0.015)
(-0.19 -0.1 -0.015)
(-0.18 -0.1 -0.015)
(-0.17 -0.1 -0.015)
(-0.16 -0.1 -0.015)
(-0.15 -0.1 -0.015)
(-0.14 -0.1 -0.015)
(-0.13 -0.1 -0.015)
(-0.12 -0.1 -0.015)
(-0.11 -0.1 -0.015)
(-0.1 -0.1 -0.015)
(0.1 -0.1 -0.015)
(0.11 -0.1 -0.015)
(0.12 -0.1 -0.015)
(0.13 -0.1 -0.015)
(0.14 -0.1 -0.015)
(0.15 -0.1 -0.015)
(0.16 -0.1 -0.015)
(0.17 -0.1 -0.015)
(0.18 -0.1 -0.015)
(0.19 -0.1 -0.015)
(0.2 -0.1 -0.015)
(-0.2 0.1 -0.015)
(-0.19 0.1 -0.015)
(-0.18 0.1 -0.015)
(-0.17 0.1 -0.015)
(-0.16 0.1 -0.015)
(-0.15 0.1 -0.015)
(-0.14 0.1 -0.015)
(-0.13 0.1 -0.015)
(-0.12 0.1 -0.015)
(-0.11 0.1 -0.015)
(-0.1 0.1 -0.015)
(0.1 0.1 -0.015)
(0.11 0.1 -0.015)
(0.12 0.1 -0.015)
(0.13 0.1 -0.015)
(0.14 0.1 -0.015)
(0.15 0.1 -0.015)
(0.16 0.1 -0.015)
(0.17 0.1 -0.015)
(0.18 0.1 -0.015)
(0.19 0.1 -0.015)
(0.2 0.1 -0.015)
(-0.2 -0.1 -0.004)
(-0.19 -0.1 -0.004)
(-0.18 -0.1 -0.004)
(-0.17 -0.1 -0.004)
(-0.16 -0.1 -0.004)
(-0.15 -0.1 -0.004)
(-0.14 -0.1 -0.004)
(-0.13 -0.1 -0.004)
(-0.12 -0.1 -0.004)
(-0.11 -0.1 -0.004)
(-0.1 -0.1 -0.004)
(0.1 -0.1 -0.004)
(0.11 -0.1 -0.004)
(0.12 -0.1 -0.004)
(0.13 -0.1 -0.004)
(0.14 -0.1 -0.004)
(0.15 -0.1 -0.004)
(0.16 -0.1 -0.004)
(0.17 -0.1 -0.004)
(0.18 -0.1 -0.004)
(0.19 -0.1 -0.004)
(0.2 -0.1 -0.004)
(-0.2 0.1 -0.004)
(-0.19 0.1 -0.004)
(-0.18 0.1 -0.004)
(-0.17 0.1 -0.004)
(-0.16 0.1 -0.004)
(-0.15 0.1 -0.004)
(-0.14 0.1 -0.004)
(-0.13 0.1 -0.004)
(-0.12 0.1 -0.004)
(-0.11 0.1 -0.004)
(-0.1 0.1 -0.004)
(0.1 0.1 -0.004)
(0.11 0.1 -0.004)
(0.12 0.1 -0.004)
(0.13 0.1 -0.004)
(0.14 0.1 -0.004)
(0.15 0.1 -0.004)
(0.16 0.1 -0.004)
(0.17 0.1 -0.004)
(0.18 0.1 -0.004)
(0.19 0.1 -0.004)
(0.2 0.1 -0.004)
(-0.2 -0.1 0.007)
(-0.19 -0.1 0.007)
(-0.18 -0.1 0.007)
(-0.17 -0.1 0.007)
(-0.16 -0.1 0.007)
(-0.15 -0.1 0.007)
(-0.14 -0.1 0.007)
(-0.13 -0.1 0.007)
(-0.12 -0.1 0.007)
(-0.11 -0.1 0.007)
(-0.1 -0.1 0.007)
(0.1 -0.1 0.007)
(0.11 -0.1 0.007)
(0.12 -0.1 0.007)
(0.13 -0.1 0.007)
(0.14 -0.1 0.007)
(0.15 -0.1 0.007)
(0.16 -0.1 0.007)
(0.17 -0.1 0.007)
(0.18 -0.1 0.007)
(0.19 -0.1 0.007)
(0.2 -0.1 0.007)
(-0.2 0.1 0.007)
(-0.19 0.1 0.007)
(-0.18 0.1 0.007)
(-0.17 0.1 0.007)
(-0.16 0.1 0.007)
(-0.15 0.1 0.007)
(-0.14 0.1 0.007)
(-0.13 0.1 0.007)
(-0.12 0.1 0.007)
(-0.11 0.1 0.007)
(-0.1 0.1 0.007)
(0.1 0.1 0.007)
(0.11 0.1 0.007)
(0.12 0.1 0.007)
(0.13 0.1 0.007)
(0.14 0.1 0.007)
(0.15 0.1 0.007)
(0.16 0.1 0.007)
(0.17 0.1 0.007)
(0.18 0.1 0.007)
(0.19 0.1 0.007)
(0.2 0.1 0.007)
(-0.2 -0.1 0.018)
(-0.19 -0.1 0.018)
(-0.18 -0.1 0.018)
(-0.17 -0.1 0.018)
(-0.16 -0.1 0.018)
(-0.15 -0.1 0.018)
(-0.14 -0.1 0.018)
(-0.13 -0.1 0.018)
(-0.12 -0.1 0.018)
(-0.11 -0.1 0.018)
(-0.1 -0.1 0.018)
(0.1 -0.1 0.018)
(0.11 -0.1 0.018)
(0.12 -0.1 0.018)
(0.13 -0.1 0.018)
(0.14 -0.1 0.018)
(0.15 -0.1 0.018)
(0.16 -0.1 0.018)
(0.17 -0.1 0.018)
(0.18 -0.1 0.018)
(0.19 -0.1 0.018)
(0.2 -0.1 0.018)
(-0.2 0.1 0.018)
(-0.19 0.1 0.018)
(-0.18 0.1 0.018)
(-0.17 0.1 0.018)
(-0.16 0.1 0.018)
(-0.15 0.1 0.018)
(-0.14 0.1 0.018)
(-0.13 0.1 0.018)
(-0.12 0.1 0.018)
(-0.11 0.1 0.018)
(-0.1 0.1 0.018)
(0.1 0.1 0.018)
(0.11 0.1 0.018)
(0.12 0.1 0.018)
(0.13 0.1 0.018)
(0.14 0.1 0.018)
(0.15 0.1 0.018)
(0.16 0.1 0.018)
(0.17 0.1 0.018)
(0.18 0.1 0.018)
(0.19 0.1 0.018)
(0.2 0.1 0.018)
(-0.2 -0.1 0.029)
(-0.19 -0.1 0.029)
(-0.18 -0.1 0.029)
(-0.17 -0.1 0.029)
(-0.16 -0.1 0.029)
(-0.15 -0.1 0.029)
(-0.14 -0.1 0.029)
(-0.13 -0.1 0.029)
(-0.12 -0.1 0.029)
(-0.11 -0.1 0.029)
(-0.1 -0.1 0.029)
(0.1 -0.1 0.029)
(0.11 -0.1 0.029)
(0.12 -0.1 0.029)
(0.13 -0.1 0.029)
(0.14 -0.1 0.029)
(0.15 -0.1 0.029)
(0.16 -0.1 0.029)
(0.17 -0.1 0.029)
(0.18 -0.1 0.029)
(0.19 -0.1 0.029)
(0.2 -0.1 0.029)
(-0.2 0.1 0.029)
(-0.19 0.1 0.029)
(-0.18 0.1 0.029)
(-0.17 0.1 0.029)
(-0.16 0.1 0.029)
(-0.15 0.1 0.029)
(-0.14 0.1 0.029)
(-0.13 0.1 0.029)
(-0.12 0.1 0.029)
(-0.11 0.1 0.029)
(-0.1 0.1 0.029)
(0.1 0.1 0.029)
(0.11 0.1 0.029)
(0.12 0.1 0.029)
(0.13 0.1 0.029)
(0.14 0.1 0.029)
(0.15 0.1 0.029)
(0.16 0.1 0.029)
(0.17 0.1 0.029)
(0.18 0.1 0.029)
(0.19 0.1 0.029)
(0.2 0.1 0.029)
(-0.2 -0.1 0.04)
(-0.19 -0.1 0.04)
(-0.18 -0.1 0.04)
(-0.17 -0.1 0.04)
(-0.16 -0.1 0.04)
(-0.15 -0.1 0.04)
(-0.14 -0.1 0.04)
(-0.13 -0.1 0.04)
(-0.12 -0.1 0.04)
(-0.11 -0.1 0.04)
(-0.1 -0.1 0.04)
(0.1 -0.1 0.04)
(0.11 -0.1 0.04)
(0.12 -0.1 0.04)
(0.13 -0.1 0.04)
(0.14 -0.1 0.04)
(0.15 -0.1 0.04)
(0.16 -0.1 0.04)
(0.17 -0.1 0.04)
(0.18 -0.1 0.04)
(0.19 -0.1 0.04)
(0.2 -0.1 0.04)
(-0.2 0.1 0.04)
(-0.19 0.1 0.04)
(-0.18 0.1 0.04)
(-0.17 0.1 0.04)
(-0.16 0.1 0.04)
(-0.15 0.1 0.04)
(-0.14 0.1 0.04)
(-0.13 0.1 0.04)
(-0.12 0.1 0.04)
(-0.11 0.1 0.04)
(-0.1 0.1 0.04)
(0.1 0.1 0.04)
(0.11 0.1 0.04)
(0.12 0.1 0.04)
(0.13 0.1 0.04)
(0.14 0.1 0.04)
(0.15 0.1 0.04)
(0.16 0.1 0.04)
(0.17 0.1 0.04)
(0.18 0.1 0.04)
(0.19 0.1 0.04)
(0.2 0.1 0.04)
(-0.2 -0.1 0.051)
(-0.19 -0.1 0.051)
(-0.18 -0.1 0.051)
(-0.17 -0.1 0.051)
(-0.16 -0.1 0.051)
(-0.15 -0.1 0.051)
(-0.14 -0.1 0.051)
(-0.13 -0.1 0.051)
(-0.12 -0.1 0.051)
(-0.11 -0.1 0.051)
(-0.1 -0.1 0.051)
(-0.09 -0.1 0.051)
(-0.08 -0.1 0.051)
(-0.07 -0.1 0.051)
(-0.06 -0.1 0.051)
(-0.05 -0.1 0.051)
(-0.04 -0.1 0.051)
(-0.03 -0.1 0.051)
(-0.02 -0.1 0.051)
(-0.01 -0.1 0.051)
(0 -0.1 0.051)
(0.01 -0.1 0.051)
(0.02 -0.1 0.051)
(0.03 -0.1 0.051)
(0.04 -0.1 0.051)
(0.05 -0.1 0.051)
(0.06 -0.1 0.051)
(0.07 -0.1 0.051)
(0.08 -0.1 0.051)
(0.09 -0.1 0.051)
(0.1 -0.1 0.051)
(0.11 -0.1 0.051)
(0.12 -0.1 0.051)
(0.13 -0.1 0.051)
(0.14 -0.1 0.051)
(0.15 -0.1 0.051)
(0.16 -0.1 0.051)
(0.17 -0.1 0.051)
(0.18 -0.1 0.051)
(0.19 -0.1 0.051)
(0.2 -0.1 0.051)
(-0.2 0.1 0.051)
(-0.19 0.1 0.051)
(-0.18 0.1 0.051)
(-0.17 0.1 0.051)
(-0.16 0.1 0.051)
(-0.15 0.1 0.051)
(-0.14 0.1 0.051)
(-0.13 0.1 0.051)
(-0.12 0.1 0.051)
(-0.11 0.1 0.051)
(-0.1 0.1 0.051)
(-0.09 0.1 0.051)
(-0.08 0.1 0.051)
(-0.07 0.1 0.051)
(-0.06 0.1 0.051)
(-0.05 0.1 0.051)
(-0.04 0.1 0.051)
(-0.03 0.1 0.051)
(-0.02 0.1 0.051)
(-0.01 0.1 0.051)
(0 0.1 0.051)
(0.01 0.1 0.051)
(0.02 0.1 0.051)
(0.03 0.1 0.051)
(0.04 0.1 0.051)
(0.05 0.1 0.051)
(0.06 0.1 0.051)
(0.07 0.1 0.051)
(0.08 0.1 0.051)
(0.09 0.1 0.051)
(0.1 0.1 0.051)
(0.11 0.1 0.051)
(0.12 0.1 0.051)
(0.13 0.1 0.051)
(0.14 0.1 0.051)
(0.15 0.1 0.051)
(0.16 0.1 0.051)
(0.17 0.1 0.051)
(0.18 0.1 0.051)
(0.19 0.1 0.051)
(0.2 0.1 0.051)
(-0.2 -0.1 0.062)
(-0.19 -0.1 0.062)
(-0.18 -0.1 0.062)
(-0.17 -0.1 0.062)
(-0.16 -0.1 0.062)
(-0.15 -0.1 0.062)
(-0.14 -0.1 0.062)
(-0.13 -0.1 0.062)
(-0.12 -0.1 0.062)
(-0.11 -0.1 0.062)
(-0.1 -0.1 0.062)
(-0.09 -0.1 0.062)
(-0.08 -0.1 0.062)
(-0.07 -0.1 0.062)
(-0.06 -0.1 0.062)
(-0.05 -0.1 0.062)
(-0.04 -0.1 0.062)
(-0.03 -0.1 0.062)
(-0.02 -0.1 0.062)
(-0.01 -0.1 0.062)
(0 -0.1 0.062)
(0.01 -0.1 0.062)
(0.02 -0.1 0.062)
(0.03 -0.1 0.062)
(0.04 -0.1 0.062)
(0.05 -0.1 0.062)
(0.06 -0.1 0.062)
(0.07 -0.1 0.062)
(0.08 -0.1 0.062)
(0.09 -0.1 0.062)
(0.1 -0.1 0.062)
(0.11 -0.1 0.062)
(0.12 -0.1 0.062)
(0.13 -0.1 0.062)
(0.14 -0.1 0.062)
(0.15 -0.1 0.062)
(0.16 -0.1 0.062)
(0.17 -0.1 0.062)
(0.18 -0.1 0.062)
(0.19 -0.1 0.062)
(0.2 -0.1 0.062)
(-0.2 0.1 0.062)
(-0.19 0.1 0.062)
(-0.18 0.1 0.062)
(-0.17 0.1 0.062)
(-0.16 0.1 0.062)
(-0.15 0.1 0.062)
(-0.14 0.1 0.062)
(-0.13 0.1 0.062)
(-0.12 0.1 0.062)
(-0.11 0.1 0.062)
(-0.1 0.1 0.062)
(-0.09 0.1 0.062)
(-0.08 0.1 0.062)
(-0.07 0.1 0.062)
(-0.06 0.1 0.062)
(-0.05 0.1 0.062)
(-0.04 0.1 0.062)
(-0.03 0.1 0.062)
(-0.02 0.1 0.062)
(-0.01 0.1 0.062)
(0 0.1 0.062)
(0.01 0.1 0.062)
(0.02 0.1 0.062)
(0.03 0.1 0.062)
(0.04 0.1 0.062)
(0.05 0.1 0.062)
(0.06 0.1 0.062)
(0.07 0.1 0.062)
(0.08 0.1 0.062)
(0.09 0.1 0.062)
(0.1 0.1 0.062)
(0.11 0.1 0.062)
(0.12 0.1 0.062)
(0.13 0.1 0.062)
(0.14 0.1 0.062)
(0.15 0.1 0.062)
(0.16 0.1 0.062)
(0.17 0.1 0.062)
(0.18 0.1 0.062)
(0.19 0.1 0.062)
(0.2 0.1 0.062)
(-0.2 -0.1 0.073)
(-0.19 -0.1 0.073)
(-0.18 -0.1 0.073)
(-0.17 -0.1 0.073)
(-0.16 -0.1 0.073)
(-0.15 -0.1 0.073)
(-0.14 -0.1 0.073)
(-0.13 -0.1 0.073)
(-0.12 -0.1 0.073)
(-0.11 -0.1 0.073)
(-0.1 -0.1 0.073)
(-0.09 -0.1 0.073)
(-0.08 -0.1 0.073)
(-0.07 -0.1 0.073)
(-0.06 -0.1 0.073)
(-0.05 -0.1 0.073)
(-0.04 -0.1 0.073)
(-0.03 -0.1 0.073)
(-0.02 -0.1 0.073)
(-0.01 -0.1 0.073)
(0 -0.1 0.073)
(0.01 -0.1 0.073)
(0.02 -0.1 0.073)
(0.03 -0.1 0.073)
(0.04 -0.1 0.073)
(0.05 -0.1 0.073)
(0.06 -0.1 0.073)
(0.07 -0.1 0.073)
(0.08 -0.1 0.073)
(0.09 -0.1 0.073)
(0.1 -0.1 0.073)
(0.11 -0.1 0.073)
(0.12 -0.1 0.073)
(0.13 -0.1 0.073)
(0.14 -0.1 0.073)
(0.15 -0.1 0.073)
(0.16 -0.1 0.073)
(0.17 -0.1 0.073)
(0.18 -0.1 0.073)
(0.19 -0.1 0.073)
(0.2 -0.1 0.073)
(-0.2 0.1 0.073)
(-0.19 0.1 0.073)
(-0.18 0.1 0.073)
(-0.17 0.1 0.073)
(-0.16 0.1 0.073)
(-0.15 0.1 0.073)
(-0.14 0.1 0.073)
(-0.13 0.1 0.073)
(-0.12 0.1 0.073)
(-0.11 0.1 0.073)
(-0.1 0.1 0.073)
(-0.09 0.1 0.073)
(-0.08 0.1 0.073)
(-0.07 0.1 0.073)
(-0.06 0.1 0.073)
(-0.05 0.1 0.073)
(-0.04 0.1 0.073)
(-0.03 0.1 0.073)
(-0.02 0.1 0.073)
(-0.01 0.1 0.073)
(0 0.1 0.073)
(0.01 0.1 0.073)
(0.02 0.1 0.073)
(0.03 0.1 0.073)
(0.04 0.1 0.073)
(0.05 0.1 0.073)
(0.06 0.1 0.073)
(0.07 0.1 0.073)
(0.08 0.1 0.073)
(0.09 0.1 0.073)
(0.1 0.1 0.073)
(0.11 0.1 0.073)
(0.12 0.1 0.073)
(0.13 0.1 0.073)
(0.14 0.1 0.073)
(0.15 0.1 0.073)
(0.16 0.1 0.073)
(0.17 0.1 0.073)
(0.18 0.1 0.073)
(0.19 0.1 0.073)
(0.2 0.1 0.073)
(-0.2 -0.1 0.084)
(-0.19 -0.1 0.084)
(-0.18 -0.1 0.084)
(-0.17 -0.1 0.084)
(-0.16 -0.1 0.084)
(-0.15 -0.1 0.084)
(-0.14 -0.1 0.084)
(-0.13 -0.1 0.084)
(-0.12 -0.1 0.084)
(-0.11 -0.1 0.084)
(-0.1 -0.1 0.084)
(-0.09 -0.1 0.084)
(-0.08 -0.1 0.084)
(-0.07 -0.1 0.084)
(-0.06 -0.1 0.084)
(-0.05 -0.1 0.084)
(-0.04 -0.1 0.084)
(-0.03 -0.1 0.084)
(-0.02 -0.1 0.084)
(-0.01 -0.1 0.084)
(0 -0.1 0.084)
(0.01 -0.1 0.084)
(0.02 -0.1 0.084)
(0.03 -0.1 0.084)
(0.04 -0.1 0.084)
(0.05 -0.1 0.084)
(0.06 -0.1 0.084)
(0.07 -0.1 0.084)
(0.08 -0.1 0.084)
(0.09 -0.1 0.084)
(0.1 -0.1 0.084)
(0.11 -0.1 0.084)
(0.12 -0.1 0.084)
(0.13 -0.1 0.084)
(0.14 -0.1 0.084)
(0.15 -0.1 0.084)
(0.16 -0.1 0.084)
(0.17 -0.1 0.084)
(0.18 -0.1 0.084)
(0.19 -0.1 0.084)
(0.2 -0.1 0.084)
(-0.2 0.1 0.084)
(-0.19 0.1 0.084)
(-0.18 0.1 0.084)
(-0.17 0.1 0.084)
(-0.16 0.1 0.084)
(-0.15 0.1 0.084)
(-0.14 0.1 0.084)
(-0.13 0.1 0.084)
(-0.12 0.1 0.084)
(-0.11 0.1 0.084)
(-0.1 0.1 0.084)
(-0.09 0.1 0.084)
(-0.08 0.1 0.084)
(-0.07 0.1 0.084)
(-0.06 0.1 0.084)
(-0.05 0.1 0.084)
(-0.04 0.1 0.084)
(-0.03 0.1 0.084)
(-0.02 0.1 0.084)
(-0.01 0.1 0.084)
(0 0.1 0.084)
(0.01 0.1 0.084)
(0.02 0.1 0.084)
(0.03 0.1 0.084)
(0.04 0.1 0.084)
(0.05 0.1 0.084)
(0.06 0.1 0.084)
(0.07 0.1 0.084)
(0.08 0.1 0.084)
(0.09 0.1 0.084)
(0.1 0.1 0.084)
(0.11 0.1 0.084)
(0.12 0.1 0.084)
(0.13 0.1 0.084)
(0.14 0.1 0.084)
(0.15 0.1 0.084)
(0.16 0.1 0.084)
(0.17 0.1 0.084)
(0.18 0.1 0.084)
(0.19 0.1 0.084)
(0.2 0.1 0.084)
(-0.2 -0.1 0.095)
(-0.19 -0.1 0.095)
(-0.18 -0.1 0.095)
(-0.17 -0.1 0.095)
(-0.16 -0.1 0.095)
(-0.15 -0.1 0.095)
(-0.14 -0.1 0.095)
(-0.13 -0.1 0.095)
(-0.12 -0.1 0.095)
(-0.11 -0.1 0.095)
(-0.1 -0.1 0.095)
(-0.09 -0.1 0.095)
(-0.08 -0.1 0.095)
(-0.07 -0.1 0.095)
(-0.06 -0.1 0.095)
(-0.05 -0.1 0.095)
(-0.04 -0.1 0.095)
(-0.03 -0.1 0.095)
(-0.02 -0.1 0.095)
(-0.01 -0.1 0.095)
(0 -0.1 0.095)
(0.01 -0.1 0.095)
(0.02 -0.1 0.095)
(0.03 -0.1 0.095)
(0.04 -0.1 0.095)
(0.05 -0.1 0.095)
(0.06 -0.1 0.095)
(0.07 -0.1 0.095)
(0.08 -0.1 0.095)
(0.09 -0.1 0.095)
(0.1 -0.1 0.095)
(0.11 -0.1 0.095)
(0.12 -0.1 0.095)
(0.13 -0.1 0.095)
(0.14 -0.1 0.095)
(0.15 -0.1 0.095)
(0.16 -0.1 0.095)
(0.17 -0.1 0.095)
(0.18 -0.1 0.095)
(0.19 -0.1 0.095)
(0.2 -0.1 0.095)
(-0.2 0.1 0.095)
(-0.19 0.1 0.095)
(-0.18 0.1 0.095)
(-0.17 0.1 0.095)
(-0.16 0.1 0.095)
(-0.15 0.1 0.095)
(-0.14 0.1 0.095)
(-0.13 0.1 0.095)
(-0.12 0.1 0.095)
(-0.11 0.1 0.095)
(-0.1 0.1 0.095)
(-0.09 0.1 0.095)
(-0.08 0.1 0.095)
(-0.07 0.1 0.095)
(-0.06 0.1 0.095)
(-0.05 0.1 0.095)
(-0.04 0.1 0.095)
(-0.03 0.1 0.095)
(-0.02 0.1 0.095)
(-0.01 0.1 0.095)
(0 0.1 0.095)
(0.01 0.1 0.095)
(0.02 0.1 0.095)
(0.03 0.1 0.095)
(0.04 0.1 0.095)
(0.05 0.1 0.095)
(0.06 0.1 0.095)
(0.07 0.1 0.095)
(0.08 0.1 0.095)
(0.09 0.1 0.095)
(0.1 0.1 0.095)
(0.11 0.1 0.095)
(0.12 0.1 0.095)
(0.13 0.1 0.095)
(0.14 0.1 0.095)
(0.15 0.1 0.095)
(0.16 0.1 0.095)
(0.17 0.1 0.095)
(0.18 0.1 0.095)
(0.19 0.1 0.095)
(0.2 0.1 0.095)
(-0.2 -0.1 0.106)
(-0.19 -0.1 0.106)
(-0.18 -0.1 0.106)
(-0.17 -0.1 0.106)
(-0.16 -0.1 0.106)
(-0.15 -0.1 0.106)
(-0.14 -0.1 0.106)
(-0.13 -0.1 0.106)
(-0.12 -0.1 0.106)
(-0.11 -0.1 0.106)
(-0.1 -0.1 0.106)
(-0.09 -0.1 0.106)
(-0.08 -0.1 0.106)
(-0.07 -0.1 0.106)
(-0.06 -0.1 0.106)
(-0.05 -0.1 0.106)
(-0.04 -0.1 0.106)
(-0.03 -0.1 0.106)
(-0.02 -0.1 0.106)
(-0.01 -0.1 0.106)
(0 -0.1 0.106)
(0.01 -0.1 0.106)
(0.02 -0.1 0.106)
(0.03 -0.1 0.106)
(0.04 -0.1 0.106)
(0.05 -0.1 0.106)
(0.06 -0.1 0.106)
(0.07 -0.1 0.106)
(0.08 -0.1 0.106)
(0.09 -0.1 0.106)
(0.1 -0.1 0.106)
(0.11 -0.1 0.106)
(0.12 -0.1 0.106)
(0.13 -0.1 0.106)
(0.14 -0.1 0.106)
(0.15 -0.1 0.106)
(0.16 -0.1 0.106)
(0.17 -0.1 0.106)
(0.18 -0.1 0.106)
(0.19 -0.1 0.106)
(0.2 -0.1 0.106)
(-0.2 0.1 0.106)
(-0.19 0.1 0.106)
(-0.18 0.1 0.106)
(-0.17 0.1 0.106)
(-0.16 0.1 0.106)
(-0.15 0.1 0.106)
(-0.14 0.1 0.106)
(-0.13 0.1 0.106)
(-0.12 0.1 0.106)
(-0.11 0.1 0.106)
(-0.1 0.1 0.106)
(-0.09 0.1 0.106)
(-0.08 0.1 0.106)
(-0.07 0.1 0.106)
(-0.06 0.1 0.106)
(-0.05 0.1 0.106)
(-0.04 0.1 0.106)
(-0.03 0.1 0.106)
(-0.02 0.1 0.106)
(-0.01 0.1 0.106)
(0 0.1 0.106)
(0.01 0.1 0.106)
(0.02 0.1 0.106)
(0.03 0.1 0.106)
(0.04 0.1 0.106)
(0.05 0.1 0.106)
(0.06 0.1 0.106)
(0.07 0.1 0.106)
(0.08 0.1 0.106)
(0.09 0.1 0.106)
(0.1 0.1 0.106)
(0.11 0.1 0.106)
(0.12 0.1 0.106)
(0.13 0.1 0.106)
(0.14 0.1 0.106)
(0.15 0.1 0.106)
(0.16 0.1 0.106)
(0.17 0.1 0.106)
(0.18 0.1 0.106)
(0.19 0.1 0.106)
(0.2 0.1 0.106)
(-0.2 -0.1 0.117)
(-0.19 -0.1 0.117)
(-0.18 -0.1 0.117)
(-0.17 -0.1 0.117)
(-0.16 -0.1 0.117)
(-0.15 -0.1 0.117)
(-0.14 -0.1 0.117)
(-0.13 -0.1 0.117)
(-0.12 -0.1 0.117)
(-0.11 -0.1 0.117)
(-0.1 -0.1 0.117)
(-0.09 -0.1 0.117)
(-0.08 -0.1 0.117)
(-0.07 -0.1 0.117)
(-0.06 -0.1 0.117)
(-0.05 -0.1 0.117)
(-0.04 -0.1 0.117)
(-0.03 -0.1 0.117)
(-0.02 -0.1 0.117)
(-0.01 -0.1 0.117)
(0 -0.1 0.117)
(0.01 -0.1 0.117)
(0.02 -0.1 0.117)
(0.03 -0.1 0.117)
(0.04 -0.1 0.117)
(0.05 -0.1 0.117)
(0.06 -0.1 0.117)
(0.07 -0.1 0.117)
(0.08 -0.1 0.117)
(0.09 -0.1 0.117)
(0.1 -0.1 0.117)
(0.11 -0.1 0.117)
(0.12 -0.1 0.117)
(0.13 -0.1 0.117)
(0.14 -0.1 0.117)
(0.15 -0.1 0.117)
(0.16 -0.1 0.117)
(0.17 -0.1 0.117)
(0.18 -0.1 0.117)
(0.19 -0.1 0.117)
(0.2 -0.1 0.117)
(-0.2 0.1 0.117)
(-0.19 0.1 0.117)
(-0.18 0.1 0.117)
(-0.17 0.1 0.117)
(-0.16 0.1 0.117)
(-0.15 0.1 0.117)
(-0.14 0.1 0.117)
(-0.13 0.1 0.117)
(-0.12 0.1 0.117)
(-0.11 0.1 0.117)
(-0.1 0.1 0.117)
(-0.09 0.1 0.117)
(-0.08 0.1 0.117)
(-0.07 0.1 0.117)
(-0.06 0.1 0.117)
(-0.05 0.1 0.117)
(-0.04 0.1 0.117)
(-0.03 0.1 0.117)
(-0.02 0.1 0.117)
(-0.01 0.1 0.117)
(0 0.1 0.117)
(0.01 0.1 0.117)
(0.02 0.1 0.117)
(0.03 0.1 0.117)
(0.04 0.1 0.117)
(0.05 0.1 0.117)
(0.06 0.1 0.117)
(0.07 0.1 0.117)
(0.08 0.1 0.117)
(0.09 0.1 0.117)
(0.1 0.1 0.117)
(0.11 0.1 0.117)
(0.12 0.1 0.117)
(0.13 0.1 0.117)
(0.14 0.1 0.117)
(0.15 0.1 0.117)
(0.16 0.1 0.117)
(0.17 0.1 0.117)
(0.18 0.1 0.117)
(0.19 0.1 0.117)
(0.2 0.1 0.117)
(-0.2 -0.1 0.128)
(-0.19 -0.1 0.128)
(-0.18 -0.1 0.128)
(-0.17 -0.1 0.128)
(-0.16 -0.1 0.128)
(-0.15 -0.1 0.128)
(-0.14 -0.1 0.128)
(-0.13 -0.1 0.128)
(-0.12 -0.1 0.128)
(-0.11 -0.1 0.128)
(-0.1 -0.1 0.128)
(-0.09 -0.1 0.128)
(-0.08 -0.1 0.128)
(-0.07 -0.1 0.128)
(-0.06 -0.1 0.128)
(-0.05 -0.1 0.128)
(-0.04 -0.1 0.128)
(-0.03 -0.1 0.128)
(-0.02 -0.1 0.128)
(-0.01 -0.1 0.128)
(0 -0.1 0.128)
(0.01 -0.1 0.128)
(0.02 -0.1 0.128)
(0.03 -0.1 0.128)
(0.04 -0.1 0.128)
(0.05 -0.1 0.128)
(0.06 -0.1 0.128)
(0.07 -0.1 0.128)
(0.08 -0.1 0.128)
(0.09 -0.1 0.128)
(0.1 -0.1 0.128)
(0.11 -0.1 0.128)
(0.12 -0.1 0.128)
(0.13 -0.1 0.128)
(0.14 -0.1 0.128)
(0.15 -0.1 0.128)
(0.16 -0.1 0.128)
(0.17 -0.1 0.128)
(0.18 -0.1 0.128)
(0.19 -0.1 0.128)
(0.2 -0.1 0.128)
(-0.2 0.1 0.128)
(-0.19 0.1 0.128)
(-0.18 0.1 0.128)
(-0.17 0.1 0.128)
(-0.16 0.1 0.128)
(-0.15 0.1 0.128)
(-0.14 0.1 0.128)
(-0.13 0.1 0.128)
(-0.12 0.1 0.128)
(-0.11 0.1 0.128)
(-0.1 0.1 0.128)
(-0.09 0.1 0.128)
(-0.08 0.1 0.128)
(-0.07 0.1 0.128)
(-0.06 0.1 0.128)
(-0.05 0.1 0.128)
(-0.04 0.1 0.128)
(-0.03 0.1 0.128)
(-0.02 0.1 0.128)
(-0.01 0.1 0.128)
(0 0.1 0.128)
(0.01 0.1 0.128)
(0.02 0.1 0.128)
(0.03 0.1 0.128)
(0.04 0.1 0.128)
(0.05 0.1 0.128)
(0.06 0.1 0.128)
(0.07 0.1 0.128)
(0.08 0.1 0.128)
(0.09 0.1 0.128)
(0.1 0.1 0.128)
(0.11 0.1 0.128)
(0.12 0.1 0.128)
(0.13 0.1 0.128)
(0.14 0.1 0.128)
(0.15 0.1 0.128)
(0.16 0.1 0.128)
(0.17 0.1 0.128)
(0.18 0.1 0.128)
(0.19 0.1 0.128)
(0.2 0.1 0.128)
(-0.2 -0.1 0.139)
(-0.19 -0.1 0.139)
(-0.18 -0.1 0.139)
(-0.17 -0.1 0.139)
(-0.16 -0.1 0.139)
(-0.15 -0.1 0.139)
(-0.14 -0.1 0.139)
(-0.13 -0.1 0.139)
(-0.12 -0.1 0.139)
(-0.11 -0.1 0.139)
(-0.1 -0.1 0.139)
(-0.09 -0.1 0.139)
(-0.08 -0.1 0.139)
(-0.07 -0.1 0.139)
(-0.06 -0.1 0.139)
(-0.05 -0.1 0.139)
(-0.04 -0.1 0.139)
(-0.03 -0.1 0.139)
(-0.02 -0.1 0.139)
(-0.01 -0.1 0.139)
(0 -0.1 0.139)
(0.01 -0.1 0.139)
(0.02 -0.1 0.139)
(0.03 -0.1 0.139)
(0.04 -0.1 0.139)
(0.05 -0.1 0.139)
(0.06 -0.1 0.139)
(0.07 -0.1 0.139)
(0.08 -0.1 0.139)
(0.09 -0.1 0.139)
(0.1 -0.1 0.139)
(0.11 -0.1 0.139)
(0.12 -0.1 0.139)
(0.13 -0.1 0.139)
(0.14 -0.1 0.139)
(0.15 -0.1 0.139)
(0.16 -0.1 0.139)
(0.17 -0.1 0.139)
(0.18 -0.1 0.139)
(0.19 -0.1 0.139)
(0.2 -0.1 0.139)
(-0.2 0.1 0.139)
(-0.19 0.1 0.139)
(-0.18 0.1 0.139)
(-0.17 0.1 0.139)
(-0.16 0.1 0.139)
(-0.15 0.1 0.139)
(-0.14 0.1 0.139)
(-0.13 0.1 0.139)
(-0.12 0.1 0.139)
(-0.11 0.1 0.139)
(-0.1 0.1 0.139)
(-0.09 0.1 0.139)
(-0.08 0.1 0.139)
(-0.07 0.1 0.139)
(-0.06 0.1 0.139)
(-0.05 0.1 0.139)
(-0.04 0.1 0.139)
(-0.03 0.1 0.139)
(-0.02 0.1 0.139)
(-0.01 0.1 0.139)
(0 0.1 0.139)
(0.01 0.1 0.139)
(0.02 0.1 0.139)
(0.03 0.1 0.139)
(0.04 0.1 0.139)
(0.05 0.1 0.139)
(0.06 0.1 0.139)
(0.07 0.1 0.139)
(0.08 0.1 0.139)
(0.09 0.1 0.139)
(0.1 0.1 0.139)
(0.11 0.1 0.139)
(0.12 0.1 0.139)
(0.13 0.1 0.139)
(0.14 0.1 0.139)
(0.15 0.1 0.139)
(0.16 0.1 0.139)
(0.17 0.1 0.139)
(0.18 0.1 0.139)
(0.19 0.1 0.139)
(0.2 0.1 0.139)
(-0.2 -0.1 0.15)
(-0.19 -0.1 0.15)
(-0.18 -0.1 0.15)
(-0.17 -0.1 0.15)
(-0.16 -0.1 0.15)
(-0.15 -0.1 0.15)
(-0.14 -0.1 0.15)
(-0.13 -0.1 0.15)
(-0.12 -0.1 0.15)
(-0.11 -0.1 0.15)
(-0.1 -0.1 0.15)
(-0.09 -0.1 0.15)
(-0.08 -0.1 0.15)
(-0.07 -0.1 0.15)
(-0.06 -0.1 0.15)
(-0.05 -0.1 0.15)
(-0.04 -0.1 0.15)
(-0.03 -0.1 0.15)
(-0.02 -0.1 0.15)
(-0.01 -0.1 0.15)
(0 -0.1 0.15)
(0.01 -0.1 0.15)
(0.02 -0.1 0.15)
(0.03 -0.1 0.15)
(0.04 -0.1 0.15)
(0.05 -0.1 0.15)
(0.06 -0.1 0.15)
(0.07 -0.1 0.15)
(0.08 -0.1 0.15)
(0.09 -0.1 0.15)
(0.1 -0.1 0.15)
(0.11 -0.1 0.15)
(0.12 -0.1 0.15)
(0.13 -0.1 0.15)
(0.14 -0.1 0.15)
(0.15 -0.1 0.15)
(0.16 -0.1 0.15)
(0.17 -0.1 0.15)
(0.18 -0.1 0.15)
(0.19 -0.1 0.15)
(0.2 -0.1 0.15)
(-0.2 0.1 0.15)
(-0.19 0.1 0.15)
(-0.18 0.1 0.15)
(-0.17 0.1 0.15)
(-0.16 0.1 0.15)
(-0.15 0.1 0.15)
(-0.14 0.1 0.15)
(-0.13 0.1 0.15)
(-0.12 0.1 0.15)
(-0.11 0.1 0.15)
(-0.1 0.1 0.15)
(-0.09 0.1 0.15)
(-0.08 0.1 0.15)
(-0.07 0.1 0.15)
(-0.06 0.1 0.15)
(-0.05 0.1 0.15)
(-0.04 0.1 0.15)
(-0.03 0.1 0.15)
(-0.02 0.1 0.15)
(-0.01 0.1 0.15)
(0 0.1 0.15)
(0.01 0.1 0.15)
(0.02 0.1 0.15)
(0.03 0.1 0.15)
(0.04 0.1 0.15)
(0.05 0.1 0.15)
(0.06 0.1 0.15)
(0.07 0.1 0.15)
(0.08 0.1 0.15)
(0.09 0.1 0.15)
(0.1 0.1 0.15)
(0.11 0.1 0.15)
(0.12 0.1 0.15)
(0.13 0.1 0.15)
(0.14 0.1 0.15)
(0.15 0.1 0.15)
(0.16 0.1 0.15)
(0.17 0.1 0.15)
(0.18 0.1 0.15)
(0.19 0.1 0.15)
(0.2 0.1 0.15)
)


// ************************************************************************* //
